Sammanfattning;Uppdraget//NN|NEU|SIN|DEF|NOM//ROOT//0
Sammanfattning;Utredningen//NN|UTR|SIN|DEF|NOM//nsubj//8 om//PP//case//4 den//DT|UTR|SIN|DEF//det//4 fria//JJ|POS|UTR/NEU|SIN|DEF|NOM//amod//4 rörligheten//NN|UTR|SIN|DEF|NOM//nmod//0 för//PP//case//6 unionsmedborgare//NN|UTR|PLU|IND|NOM//nmod//4 har//VB|PRS|AKT//aux//8 haft//VB|SUP|AKT//ROOT//8 i//PP//compound:prt//8 uppdrag//NN|NEU|SIN|IND|NOM//fixed//9 att//IE//mark//12 föreslå//VB|INF|AKT//xcomp//8 hur//HA//advmod//18 Europaparlamentets//NN|NEU|SIN|DEF|GEN//nmod:poss//18 och//KN//cc//16 rådets//NN|NEU|SIN|DEF|GEN//conj//14 direktiv//NN|NEU|PLU|IND|NOM//amod//18 2004/38//RG|NOM//obj//12 ///MID//cc//20 EG//PM|NOM//conj//18 om//PP//case//22 unionsmedborgares//NN|UTR|PLU|IND|GEN//obl//12 och//KN//cc//25 deras//PS|UTR/NEU|SIN/PLU|DEF//nmod:poss//25 familjemedlemmars//NN|UTR|PLU|IND|GEN//conj//22 rätt//NN|UTR|SIN|IND|NOM//obj//12 att//IE//mark//29 fritt//AB|POS//advmod//29 röra//VB|INF|AKT//acl//26 sig//PN|UTR/NEU|SIN/PLU|DEF|OBJ//obj//29 och//KN//cc//32 uppehålla//VB|INF|AKT//conj//29 sig//PN|UTR/NEU|SIN/PLU|DEF|OBJ//obj//32 inom//PP//case//36 medlemsstaternas//NN|UTR|PLU|DEF|GEN//nmod:poss//36 territorier//NN|NEU|PLU|IND|NOM//obl//32 (//PAD//punct//38 rörlighetsdirektivet//NN|NEU|SIN|DEF|NOM//appos//36 )//PAD//punct//8 skall//VB|PRS|AKT//aux//41 genomföras//VB|INF|SFO//conj//8 i//PP//case//44 svensk//JJ|POS|UTR|SIN|IND|NOM//amod//44 rätt//NN|UTR|SIN|IND|NOM//obl//41 .//MAD//punct//8
Sammanfattning;I//PP//case//47 uppdraget//NN|NEU|SIN|DEF|NOM//obl//49 har//VB|PRS|AKT//aux//49 ingått//VB|SUP|AKT//parataxis//8 att//IE//mark//51 lägga//VB|INF|AKT//xcomp//49 fram//PL//compound:prt//51 förslag//NN|NEU|PLU|IND|NOM//obj//51 till//PP//case//56 de//DT|UTR/NEU|PLU|DEF//det//56 författningsändringar//NN|UTR|PLU|IND|NOM//obl//51 som//HP|-|-|-//nsubj//58 bedöms//VB|PRS|SFO//acl:relcl//56 nödvändiga//JJ|POS|UTR/NEU|PLU|IND/DEF|NOM//amod//62 och//KN//cc//61 andra//JJ|POS|UTR/NEU|PLU|IND/DEF|NOM//conj//59 åtgärder//NN|UTR|PLU|IND|NOM//obj//58 som//HP|-|-|-//obl//66 direktivet//NN|NEU|SIN|DEF|NOM//nsubj//66 kan//VB|PRS|AKT//aux//66 ge//VB|INF|AKT//acl:relcl//62 anledning//NN|UTR|SIN|IND|NOM//obj//66 till//PP//case//63 .//MAD//punct//8
Sammanfattning;Därutöver//AB//advmod//74 har//VB|PRS|AKT//aux//74 vi//PN|UTR|PLU|DEF|SUB//nsubj//74 bl.a.//AB|AN//advmod//74 haft//VB|SUP|AKT//conj//8 att//IE//mark//76 pröva//VB|INF|AKT//xcomp//74 om//PL//compound:prt//76 den//DT|UTR|SIN|DEF//det//79 möjlighet//NN|UTR|SIN|IND|NOM//obj//76 till//PP//case//81 registrering//NN|UTR|SIN|IND|NOM//nmod//79 av//PP//case//83 unionsmedborgare//NN|UTR|PLU|IND|NOM//nmod//81 som//HP|-|-|-//obj//86 direktivet//NN|NEU|SIN|DEF|NOM//nsubj//86 erbjuder//VB|PRS|AKT//acl:relcl//79 är//VB|PRS|AKT//cop//88 önskvärd//JJ|POS|UTR|SIN|IND|NOM//xcomp//8 och//KN//cc//93 i//PP//case//92 så//AB//amod//92 fall//NN|NEU|SIN|IND|NOM//obl//93 utarbeta//VB|INF|AKT//conj//8 ett//DT|NEU|SIN|IND//det//96 sådant//JJ|POS|NEU|SIN|IND|NOM//amod//96 förslag//NN|NEU|SIN|IND|NOM//obj//93 .//MAD//punct//8
Sammanfattning;Bakgrund//NN|UTR|SIN|IND|NOM//ROOT//0
Sammanfattning;Europeiska//JJ|POS|UTR/NEU|SIN|DEF|NOM//amod//1 unionens//NN|UTR|SIN|DEF|GEN//nmod:poss//2 råd//NN|NEU|PLU|IND|NOM//nsubj//3 antog//VB|PRT|AKT//ROOT//3 rörlighetsdirektivet//NN|NEU|SIN|DEF|NOM//nsubj//3 den//DT|UTR|SIN|DEF//det//7 29//RG|NOM//nummod//7 april//NN|UTR|SIN|IND|NOM//obj//3 2004//RG|NOM//nummod//7 .//MAD//punct//3
Sammanfattning;Unionsmedborgares//NN|UTR|PLU|IND|GEN//conj//3 närmare//JJ|KOM|UTR/NEU|SIN/PLU|IND/DEF|NOM//advmod//12 rätt//NN|UTR|SIN|IND|NOM//advmod//10 till//PP//case//14 inresa//NN|UTR|SIN|IND|NOM//nmod//12 och//KN//cc//16 vistelse//NN|UTR|SIN|IND|NOM//conj//14 i//PP//case//19 andra//JJ|POS|UTR/NEU|PLU|IND/DEF|NOM//amod//19 medlemsstater//NN|UTR|PLU|IND|NOM//obl//10 har//VB|PRS|AKT//aux//22 hittills//AB//advmod//22 reglerats//VB|SUP|SFO//conj//3 i//PP//case//24 gemenskapsrätten//NN|UTR|SIN|DEF|NOM//obl//22 i//PP//case//28 bl.a.//AB|AN//advmod//27 två//RG|NOM//nummod//28 förordningar//NN|UTR|PLU|IND|NOM//obl//22 och//KN//cc//31 nio//RG|NOM//nummod//31 direktiv//NN|NEU|PLU|IND|NOM//conj//28 .//MAD//punct//3
Sammanfattning;Ett//PN|NEU|SIN|IND|SUB/OBJ//obj//3 av//PP//case//36 rörlighetsdirektivets//NN|NEU|SIN|DEF|GEN//nmod:poss//36 syften//NN|NEU|PLU|IND|NOM//nmod//33 är//VB|PRS|AKT//cop//33 att//IE//mark//39 uppnå//VB|INF|AKT//acl//33 större//JJ|KOM|UTR/NEU|SIN/PLU|IND/DEF|NOM//amod//41 tydlighet//NN|UTR|SIN|IND|NOM//obj//39 genom//PP//mark//47 att//IE//mark//47 i//PP//case//46 en//DT|UTR|SIN|IND//det//46 rättsakt//NN|UTR|SIN|IND|NOM//obl//47 samla//VB|INF|AKT//advcl//39 merparten//NN|UTR|SIN|DEF|NOM//obj//47 av//PP//case//50 reglerna//NN|UTR|PLU|DEF|NOM//nmod//48 rörande//PP//case//52 rätten//NN|UTR|SIN|DEF|NOM//nmod//50 för//PP//case//54 unionsmedborgare//NN|UTR|PLU|IND|NOM//nmod//52 att//IE//mark//56 resa//VB|INF|AKT//acl//52 in//PL//compound:prt//56 ,//MID//punct//56 vistas//VB|PRS|SFO//conj//56 och//KN//cc//61 stanna//VB|INF|AKT//conj//59 kvar//PL//compound:prt//61 i//PP//case//66 en//DT|UTR|SIN|IND//det//66 annan//JJ|POS|UTR|SIN|IND|NOM//amod//66 medlemsstat//NN|UTR|SIN|IND|NOM//obl//61 .//MAD//punct//3
Sammanfattning;Rörlighetsdirektivet//NN|NEU|SIN|DEF|NOM//nsubj//69 reglerar//VB|PRS|AKT//parataxis//3 denna//DT|UTR|SIN|DEF//det//71 rätt//NN|UTR|SIN|IND|NOM//obj//69 för//PP//case//74 alla//DT|UTR/NEU|PLU|IND/DEF//det//74 unionsmedborgare//NN|UTR|PLU|IND|NOM//obl//69 ,//MID//punct//79 oavsett//AB|POS//mark//79 om//SN//mark//79 de//PN|UTR/NEU|PLU|DEF|SUB//nsubj//79 utövar//VB|PRS|AKT//advcl//69 en//DT|UTR|SIN|IND//det//82 ekonomisk//JJ|POS|UTR|SIN|IND|NOM//amod//82 verksamhet//NN|UTR|SIN|IND|NOM//obj//79 eller//KN//cc//88 inte//AB//advmod//88 .//MAD//punct//84
Sammanfattning;Direktivets//NN|NEU|SIN|DEF|GEN//nmod:poss//87 reglering//NN|UTR|SIN|IND|NOM//nsubj//88 innebär//VB|PRS|AKT//conj//69 också//AB//advmod//88 att//SN//mark//92 det//PN|NEU|SIN|DEF|SUB/OBJ//expl//92 blir//VB|PRS|AKT//ccomp//88 lättare//JJ|KOM|UTR/NEU|SIN/PLU|IND/DEF|NOM//xcomp//92 att//IE//mark//95 utnyttja//VB|INF|AKT//csubj//92 rätten//NN|UTR|SIN|DEF|NOM//obj//95 till//PP//case//99 fri//JJ|POS|UTR|SIN|IND|NOM//amod//99 rörlighet//NN|UTR|SIN|IND|NOM//nmod//96 .//MAD//punct//69
Sammanfattning;Dessutom//AB//advmod//102 regleras//VB|PRS|SFO//conj//69 på//PP//case//106 ett//DT|NEU|SIN|IND//det//106 tydligare//JJ|KOM|UTR/NEU|SIN/PLU|IND/DEF|NOM//amod//106 sätt//NN|NEU|SIN|IND|NOM//obl//102 förutsättningarna//NN|UTR|PLU|DEF|NOM//acl//106 för//PP//case//109 unionsmedborgares//NN|UTR|PLU|IND|GEN//nmod//107 och//KN//cc//112 deras//PS|UTR/NEU|SIN/PLU|DEF//nmod:poss//112 familjemedlemmars//NN|UTR|PLU|IND|GEN//conj//109 rätt//NN|UTR|SIN|IND|NOM//advmod//102 till//PP//case//115 vistelse//NN|UTR|SIN|IND|NOM//obl//102 i//PP//case//119 en//DT|UTR|SIN|IND//det//119 annan//JJ|POS|UTR|SIN|IND|NOM//amod//119 medlemsstat//NN|UTR|SIN|IND|NOM//obl//102 .//MAD//punct//3
Sammanfattning;Förmånstagare//NN|UTR|PLU|IND|NOM//ROOT//0
Sammanfattning;Direktivets//NN|NEU|SIN|DEF|GEN//nmod:poss//1 bestämmelser//NN|UTR|PLU|IND|NOM//nsubj:pass//3 skall//VB|PRS|AKT//aux//3 tillämpas//VB|INF|SFO//ROOT//3 på//PP//case//6 alla//DT|UTR/NEU|PLU|IND/DEF//det//6 unionsmedborgare//NN|UTR|PLU|IND|NOM//obl//3 som//HP|-|-|-//nsubj//8 reser//VB|PRS|AKT//acl:relcl//6 till//PP//compound:prt//8 eller//KN//cc//11 uppehåller//VB|PRS|AKT//conj//8 sig//PN|UTR/NEU|SIN/PLU|DEF|OBJ//obj//11 i//PP//case//16 en//DT|UTR|SIN|IND//det//16 annan//JJ|POS|UTR|SIN|IND|NOM//amod//16 medlemsstat//NN|UTR|SIN|IND|NOM//obl//11 än//KN//mark//20 den//PN|UTR|SIN|DEF|SUB/OBJ//det//20 de//DT|UTR/NEU|PLU|DEF//det//20 själva//JJ|POS|UTR/NEU|PLU|IND/DEF|NOM//acl//16 är//VB|PRS|AKT//cop//22 medborgare//NN|UTR|PLU|IND|NOM//nsubj//3 i//PP//case//27 och//KN//fixed//23 på//PP//fixed//23 de//DT|UTR/NEU|PLU|DEF//det//27 familjemedlemmar//NN|UTR|PLU|IND|NOM//nmod//22 som//HP|-|-|-//nsubj//29 följer//VB|PRS|AKT//acl:relcl//27 med//PL//compound:prt//29 eller//KN//cc//32 ansluter//VB|PRS|AKT//conj//29 sig//PN|UTR/NEU|SIN/PLU|DEF|OBJ//obj//32 till//PP//case//35 unionsmedborgaren//NN|UTR|SIN|DEF|NOM//obl//32 .//MAD//punct//3
Sammanfattning;Genom//PP//case//38 direktivet//NN|NEU|SIN|DEF|NOM//obl//39 införs//VB|PRS|SFO//conj//3 ,//MID//punct//39 till//PP//mark//55 skillnad//NN|UTR|SIN|IND|NOM//fixed//41 från//PP//case//44 vad//HP|NEU|SIN|IND//fixed//41 som//HP|-|-|-//nsubj//47 hittills//AB//advmod//47 gällt//VB|SUP|AKT//acl:relcl//44 i//PP//case//49 förordningar//NN|UTR|PLU|IND|NOM//obl//47 och//KN//cc//51 direktiv//NN|NEU|PLU|IND|NOM//conj//49 ,//MID//punct//55 ett//DT|NEU|SIN|IND//det//55 enhetligt//JJ|POS|NEU|SIN|IND|NOM//amod//55 familjemedlemsbegrepp//NN|NEU|SIN|IND|NOM//obl//3 som//HP|-|-|-//nsubj//57 omfattar//VB|PRS|AKT//acl:relcl//55 make//NN|UTR|SIN|IND|NOM//obj//57 eller//KN//cc//60 maka//NN|UTR|SIN|IND|NOM//conj//58 ,//MID//punct//64 liksom//PP//mark//64 registrerad//PC|PRF|UTR|SIN|IND|NOM//amod//64 partner//NN|UTR|SIN|IND|NOM//obl//57 .//MAD//punct//3
Sammanfattning;Därutöver//AB//advmod//67 omfattas//VB|PRS|SFO//parataxis//3 släktingar//NN|UTR|PLU|IND|NOM//nsubj:pass//67 i//PP//mark//72 rakt//JJ|POS|NEU|SIN|IND|NOM//advmod//71 nedstigande//PC|PRS|UTR/NEU|SIN/PLU|IND/DEF|NOM//amod//72 led//NN|NEU|SIN|IND|NOM//advcl//67 till//PP//case//74 unionsmedbor-//NN|UTR|SIN|IND|NOM//obl//72
Sammanfattning;gare//NN|UTR|SIN|IND|NOM//nsubj//28 eller//KN//cc//3 dennes//PS|UTR/NEU|SIN/PLU|DEF//nmod:poss//3 make//NN|UTR|SIN|IND|NOM//conj//0 ,//MID//punct//5 maka//NN|UTR|SIN|IND|NOM//conj//3 eller//KN//cc//8 registrerade//PC|PRF|UTR/NEU|PLU|IND/DEF|NOM//amod//8 partner//NN|UTR|PLU|IND|NOM//conj//3 ,//MID//punct//14 som//HP|-|-|-//nsubj//14 är//VB|PRS|AKT//cop//14 under//PP//advmod//13 21//RG|NOM//nummod//14 år//NN|NEU|PLU|IND|NOM//conj//0 eller//KN//cc//17 är//VB|PRS|AKT//cop//17 beroende//PC|PRS|UTR/NEU|SIN/PLU|IND/DEF|NOM//conj//0 av//PP//case//19 dem//PN|UTR/NEU|PLU|DEF|OBJ//nmod//17 för//PP//case//22 sin//PS|UTR|SIN|DEF//nmod:poss//22 försörjning//NN|UTR|SIN|IND|NOM//obl//17 samt//KN//cc//24 släktingar//NN|UTR|PLU|IND|NOM//conj//22 i//PP//case//28 rakt//JJ|POS|NEU|SIN|IND|NOM//advmod//27 uppstigande//PC|PRS|UTR/NEU|SIN/PLU|IND/DEF|NOM//amod//28 led//VB|PRT|AKT//ROOT//28 till//PP//case//30 unionsmedborgare//NN|UTR|PLU|IND|NOM//obl//28 eller//KN//cc//33 dennes//PS|UTR/NEU|SIN/PLU|DEF//nmod:poss//33 make//NN|UTR|SIN|IND|NOM//conj//30 ,//MID//punct//35 maka//NN|UTR|SIN|IND|NOM//conj//33 eller//KN//cc//38 registrerade//PC|PRF|UTR/NEU|PLU|IND/DEF|NOM//amod//38 partner//NN|UTR|PLU|IND|NOM//conj//30 som//HP|-|-|-//nsubj//41 är//VB|PRS|AKT//cop//41 beroende//PC|PRS|UTR/NEU|SIN/PLU|IND/DEF|NOM//acl:relcl//38 av//PP//case//43 dem//PN|UTR/NEU|PLU|DEF|OBJ//obl//41 för//PP//case//46 sin//PS|UTR|SIN|DEF//nmod:poss//46 försörjning//NN|UTR|SIN|IND|NOM//obl//41 .//MAD//punct//28
Sammanfattning;Vi//PN|UTR|PLU|DEF|SUB//nsubj//2 har//VB|PRS|AKT//aux//2 utgått//VB|SUP|AKT//ROOT//2 från//PP//mark//8 att//SN//mark//8 direktivet//NN|NEU|SIN|DEF|NOM//nsubj//8 kommer//VB|PRS|AKT//aux//8 att//IE//mark//8 bli//VB|INF|AKT//advcl//2 en//DT|UTR|SIN|IND//det//10 del//NN|UTR|SIN|IND|NOM//xcomp//8 av//PP//case//12 EES-avtalet//NN|NEU|SIN|DEF|NOM//nmod//10 samt//KN//cc//37 att//SN//mark//37 avtalet//NN|NEU|SIN|DEF|NOM//nsubj:pass//37 mellan//PP//case//18 Europeiska//JJ|POS|UTR/NEU|SIN|DEF|NOM//amod//18 gemenskapen//NN|UTR|SIN|DEF|NOM//nmod//15 och//KN//cc//21 dess//PS|UTR/NEU|SIN/PLU|DEF//nmod:poss//21 medlemsstater//NN|UTR|PLU|IND|NOM//conj//18 å//PP//advmod//37 ena//JJ|POS|UTR/NEU|SIN/PLU|IND/DEF|NOM//amod//24 sidan//NN|UTR|SIN|DEF|NOM//fixed//22 och//KN//cc//26 Schweiz//PM|NOM//conj//24 å//PP//fixed//22 andra//JJ|POS|UTR/NEU|SIN|DEF|NOM//fixed//27 sidan//NN|UTR|SIN|DEF|NOM//fixed//27 om//PP//case//32 fri//JJ|POS|UTR|SIN|IND|NOM//amod//32 rörlighet//NN|UTR|SIN|IND|NOM//obl//22 för//PP//case//34 personer//NN|UTR|PLU|IND|NOM//nmod//32 kommer//VB|PRS|AKT//aux//37 att//IE//mark//37 anpassas//VB|INF|SFO//conj//2 till//PP//case//41 det//DT|NEU|SIN|DEF//det//41 nya//JJ|POS|UTR/NEU|SIN|DEF|NOM//amod//41 direktivet//NN|NEU|SIN|DEF|NOM//obl//37 .//MAD//punct//2
Sammanfattning;I//PP//case//44 konsekvens//NN|UTR|SIN|IND|NOM//obl//46 därmed//AB//advmod//46 föreslår//VB|PRS|AKT//parataxis//2 vi//PN|UTR|PLU|DEF|SUB//nsubj//46 att//SN//mark//57 de//DT|UTR/NEU|PLU|DEF//det//51 svenska//JJ|POS|UTR/NEU|PLU|IND/DEF|NOM//amod//51 bestämmelser//NN|UTR|PLU|IND|NOM//nsubj//57 som//HP|-|-|-//nsubj:pass//53 föranleds//VB|PRS|SFO//acl:relcl//51 av//PP//case//55 direktivet//NN|NEU|SIN|DEF|NOM//obl//53 skall//VB|PRS|AKT//aux//57 omfatta//VB|INF|AKT//ccomp//46 såväl//KN//advmod//59 unionsmedborgare//NN|UTR|PLU|IND|NOM//obj//57 som//KN//case//61 medborgare//NN|UTR|PLU|IND|NOM//obl//57 i//PP//case//64 andra//JJ|POS|UTR/NEU|PLU|IND/DEF|NOM//amod//64 EES-stater//NN|UTR|PLU|IND|NOM//nmod//61 och//KN//cc//67 i//PP//case//67 Schweiz//PM|NOM//conj//64 samt//KN//cc//70 deras//PS|UTR/NEU|SIN/PLU|DEF//nmod:poss//70 familjemedlemmar//NN|UTR|PLU|IND|NOM//conj//67 .//MAD//punct//2
Sammanfattning;Uppehållsrätt//NN|UTR|SIN|IND|NOM//ROOT//0
Sammanfattning;Sedan//PP//case//2 lång//JJ|POS|UTR|SIN|IND|NOM//amod//2 tid//NN|UTR|SIN|IND|NOM//obl//7 tillbaka//AB//advmod//2 har//VB|PRS|AKT//aux//7 utlänningar//NN|UTR|PLU|IND|NOM//nsubj//7 kunnat//VB|SUP|AKT//aux//7 vistas//VB|INF|SFO//ROOT//7 i//PP//case//9 Sverige//PM|NOM//obl//7 i//PP//case//13 högst//AB|SUV//advmod//12 tre//RG|NOM//nummod//13 månader//NN|UTR|PLU|IND|NOM//obl//7 utan//PP//case//15 krav//NN|NEU|PLU|IND|NOM//nmod//13 på//PP//case//17 uppehållstillstånd//NN|NEU|SIN|IND|NOM//nmod//15 .//MAD//punct//7
Sammanfattning;Direktivet//NN|NEU|SIN|DEF|NOM//nsubj//20 medför//VB|PRS|AKT//parataxis//7 inte//AB//advmod//20 någon//DT|UTR|SIN|IND//det//23 ändring//NN|UTR|SIN|IND|NOM//obj//20 av//PP//case//26 den//DT|UTR|SIN|DEF//det//26 ordningen//NN|UTR|SIN|DEF|NOM//nmod//23 .//MAD//punct//20
Sammanfattning;Utlänningars//PM|GEN//det//29 rätt//NN|UTR|SIN|IND|NOM//parataxis//20 att//IE//mark//32 därutöver//AB//advmod//32 vistas//VB|PRS|SFO//acl//29 i//PP//case//34 landet//NN|NEU|SIN|DEF|NOM//obl//32 bygger//VB|PRS|AKT//advcl//20 idag//AB//advmod//35 huvudsakligen//AB//advmod//35 på//PP//case//39 systemet//NN|NEU|SIN|DEF|NOM//obl//35 med//PP//case//41 uppehållstillstånd//NN|NEU|SIN|IND|NOM//obl//35 .//MAD//punct//20
Sammanfattning;Genom//PP//case//44 rörlighetsdirektivet//NN|NEU|SIN|DEF|NOM//obl//45 införs//VB|PRS|SFO//conj//20 emellertid//AB//advmod//45 ett//DT|NEU|SIN|IND//nsubj:pass//45 för//PP//case//51 den//DT|UTR|SIN|DEF//det//51 svenska//JJ|POS|UTR/NEU|SIN|DEF|NOM//amod//51 rättsordningen//NN|UTR|SIN|DEF|NOM//obl//45 nytt//JJ|POS|NEU|SIN|IND|NOM//amod//53 begrepp//NN|NEU|SIN|IND|NOM//appos//45 ,//MID//punct//55 uppehållsrätt//NN|UTR|SIN|IND|NOM//conj//53 .//MAD//punct//20
Sammanfattning;En//DT|UTR|SIN|IND//det//58 person//NN|UTR|SIN|IND|NOM//nsubj//67 som//HP|-|-|-//nsubj//66 i//PP//case//65 enlighet//NN|UTR|SIN|IND|NOM//fixed//60 med//PP//fixed//60 de//DT|UTR/NEU|PLU|DEF//det//65 villkor//NN|NEU|PLU|IND|NOM//amod//65 direktivet//NN|NEU|SIN|DEF|NOM//obl//66 anger//VB|PRS|AKT//acl:relcl//58 har//VB|PRS|AKT//aux//71 uppehållsrätt//NN|UTR|SIN|IND|NOM//nsubj//71 i//PP//case//70 Sverige//PM|NOM//nmod//68 har//VB|PRS|AKT//conj//7 rätt//PL//obj//71 att//IE//mark//76 utan//PP//case//75 uppehållstillstånd//NN|NEU|SIN|IND|NOM//obl//76 vistas//VB|PRS|SFO//acl//72 i//PP//case//78 landet//NN|NEU|SIN|DEF|NOM//obl//76 under//PP//case//82 en//DT|UTR|SIN|IND//det//82 längre//JJ|KOM|UTR/NEU|SIN/PLU|IND/DEF|NOM//amod//82 tid//NN|UTR|SIN|IND|NOM//obl//76 än//KN//case//85 tre//RG|NOM//nummod//85 månader//NN|UTR|PLU|IND|NOM//nmod//82 .//MAD//punct//7
Sammanfattning;Uppehållsrätten//NN|UTR|SIN|DEF|NOM//nsubj//88 existerar//VB|PRS|AKT//parataxis//7 utan//PP//mark//94 att//SN//mark//94 den//PN|UTR|SIN|DEF|SUB/OBJ//nsubj:pass//94 först//AB//advmod//94 måste//VB|PRS|AKT//aux//94 fastställas//VB|INF|SFO//advcl//88 i//PP//case//97 ett//DT|NEU|SIN|IND//det//97 tillståndsförfarande//NN|NEU|SIN|IND|NOM//obl//94 eller//KN//cc//101 genom//PP//case//101 annan//JJ|POS|UTR|SIN|IND|NOM//amod//101 prövning//NN|UTR|SIN|IND|NOM//conj//97 .//MAD//punct//7
Sammanfattning;Hittills//AB//advmod//1 har//VB|PRS|AKT//aux//15 medborgare//NN|UTR|PLU|IND|NOM//nsubj//1 i//PP//case//4 EES-stater//NN|UTR|PLU|IND|NOM//obl//1 och//KN//cc//7 i//PP//case//7 Schweiz//PM|NOM//conj//4 samt//KN//cc//10 deras//PS|UTR/NEU|SIN/PLU|DEF//nmod:poss//10 familjemedlemmar//NN|UTR|PLU|IND|NOM//nsubj//15 i//PP//case//13 stor//JJ|POS|UTR|SIN|IND|NOM//amod//13 utsträckning//NN|UTR|SIN|IND|NOM//nmod//10 kunnat//VB|SUP|AKT//aux//15 vistas//VB|INF|SFO//ROOT//15 i//PP//case//17 Sverige//PM|NOM//obl//15 med//PP//case//19 stöd//NN|NEU|SIN|IND|NOM//obl//15 av//PP//case//21 uppehållstillstånd//NN|NEU|SIN|IND|NOM//nmod//19 i//PP//case//25 enlighet//NN|UTR|SIN|IND|NOM//fixed//22 med//PP//fixed//22 gemenskapsrätten//NN|UTR|SIN|DEF|NOM//nmod//21 ,//MID//punct//28 s.k.//AB|AN//amod//28 EES-tillstånd//NN|NEU|PLU|IND|NOM//conj//25 .//MAD//punct//15
Sammanfattning;Ordningen//NN|UTR|SIN|DEF|NOM//nsubj//44 med//PP//case//32 EES-tillstånd//NN|NEU|SIN|IND|NOM//nmod//30 ,//MID//punct//32 som//HP|-|-|-//nsubj:pass//36 har//VB|PRS|AKT//aux//36 reglerats//VB|SUP|SFO//acl:relcl//32 med//PP//case//38 bestämmelser//NN|UTR|PLU|IND|NOM//obl//36 i//PP//case//41 främst//AB|SUV//advmod//41 utlänningsförordningen//NN|UTR|SIN|DEF|NOM//nmod//38 ,//MID//punct//44 har//VB|PRS|AKT//aux//44 gällt//VB|SUP|AKT//parataxis//15 vid//PP//case//46 sidan//NN|UTR|SIN|DEF|NOM//obl//44 av//PP//case//53 den//DT|UTR|SIN|DEF//det//53 allmänna//JJ|POS|UTR/NEU|SIN|DEF|NOM//amod//53 ,//MID//punct//52 nationellt//AB|POS//advmod//52 utformade//PC|PRF|UTR/NEU|SIN|DEF|NOM//amod//53 tillståndsordning//NN|UTR|SIN|IND|NOM//nmod//46 som//HP|-|-|-//nsubj//55 följer//VB|PRS|AKT//acl:relcl//53 av//PP//case//58 utlänningslagens//NN|UTR|SIN|DEF|GEN//nmod:poss//58 bestämmelser//NN|UTR|PLU|IND|NOM//obl//55 .//MAD//punct//44
Sammanfattning;Efter//PP//case//62 direktivets//NN|NEU|SIN|DEF|GEN//nmod:poss//62 ikraftträdande//NN|NEU|SIN|IND|NOM//obl//63 finns//VB|PRS|SFO//conj//44 inte//AB//advmod//63 längre//AB|KOM//advmod//63 någon//DT|UTR|SIN|IND//det//68 gemenskapsrättslig//JJ|POS|UTR|SIN|IND|NOM//amod//68 grund//NN|UTR|SIN|IND|NOM//nsubj//63 för//PP//case//70 systemet//NN|NEU|SIN|DEF|NOM//obl//63 med//PP//case//72 uppehållstillstånd//NN|NEU|SIN|IND|NOM//nmod//70 .//MAD//punct//15
Sammanfattning;Det//PN|NEU|SIN|DEF|SUB/OBJ//expl//78 är//VB|PRS|AKT//cop//78 inte//AB//advmod//78 heller//AB//advmod//78 möjligt//JJ|POS|NEU|SIN|IND|NOM//parataxis//15 ,//MID//punct//81 såvitt//SN//advmod//81 gäller//VB|PRS|AKT//conj//15 de//DT|UTR/NEU|PLU|DEF//det//83 personer//NN|UTR|PLU|IND|NOM//obj//81 som//HP|-|-|-//nsubj//85 uppfyller//VB|PRS|AKT//acl:relcl//83 direktivets//NN|NEU|SIN|DEF|GEN//nmod:poss//87 villkor//NN|NEU|PLU|IND|NOM//obj//85 för//PP//case//89 uppehållsrätt//NN|UTR|SIN|IND|NOM//obl//85 ,//MID//punct//83 att//IE//mark//103 i//PP//case//96 svensk//JJ|POS|UTR|SIN|IND|NOM//advmod//95 rätt//NN|UTR|SIN|IND|NOM//advmod//95 bibehålla//VB|INF|AKT//amod//96 kravet//NN|NEU|SIN|DEF|NOM//obl//103 på//PP//case//98 uppehållstillstånd//NN|NEU|SIN|IND|NOM//nmod//96 .//MAD//punct//96
Sammanfattning;I//PP//case//101 konsekvens//NN|UTR|SIN|IND|NOM//obl//103 härmed//AB//advmod//103 föreslår//VB|PRS|AKT//acl:relcl//83 vi//PN|UTR|PLU|DEF|SUB//nsubj//103 att//SN//mark//113 de//DT|UTR/NEU|PLU|DEF//det//108 särskilda//PC|PRF|UTR/NEU|PLU|IND/DEF|NOM//amod//108 bestämmelserna//NN|UTR|PLU|DEF|NOM//nsubj:pass//113 i//PP//case//110 utlänningsförordningen//NN|UTR|SIN|DEF|NOM//nmod//108 om//PP//case//112 EES-tillstånd//NN|NEU|SIN|IND|NOM//nmod//110 upphävs//VB|PRS|SFO//ccomp//103 och//KN//cc//115 ersätts//VB|PRS|SFO//conj//113 med//PP//case//117 regler//NN|UTR|PLU|IND|NOM//obl//115 om//PP//case//120 uppehållsrättens//NN|UTR|SIN|DEF|GEN//nmod:poss//120 villkor//NN|NEU|PLU|IND|NOM//nmod//117 och//KN//cc//123 närmare//JJ|KOM|UTR/NEU|SIN/PLU|IND/DEF|NOM//advmod//123 innebörd//NN|UTR|SIN|IND|NOM//conj//120 .//MAD//punct//15
Sammanfattning;Detta//PN|NEU|SIN|DEF|SUB/OBJ//nsubj//126 hindrar//VB|PRS|AKT//parataxis//15 dock//AB//advmod//126 inte//AB//advmod//126 att//SN//mark//130 personer//NN|UTR|PLU|IND|NOM//ccomp//126 som//HP|-|-|-//nsubj//132 har//VB|PRS|AKT//acl:relcl//130 uppehållsrätt//NN|UTR|SIN|IND|NOM//obj//132 om//PP//mark//137 de//PN|UTR/NEU|PLU|DEF|SUB//nsubj//137 så//AB//advmod//137 önskar//VB|PRS|AKT//advcl//132 ansöker//VB|PRS|AKT//xcomp//137 om//PP//compound:prt//138 och//KN//cc//141 beviljas//VB|PRS|SFO//conj//138 uppehållstillstånd//NN|NEU|SIN|IND|NOM//obj//141 enligt//PP//case//146 utlänningslagens//NN|UTR|SIN|DEF|GEN//nmod:poss//146 allmänna//JJ|POS|UTR/NEU|PLU|IND/DEF|NOM//amod//146 bestämmelser//NN|UTR|PLU|IND|NOM//obl//141 om//PP//case//149 sådana//JJ|POS|UTR/NEU|PLU|IND|NOM//amod//149 tillstånd//NN|NEU|PLU|IND|NOM//obl//141 .//MAD//punct//15
Sammanfattning;Enligt//PP//case//2 vårt//PS|NEU|SIN|DEF//nmod:poss//2 förslag//NN|NEU|SIN|IND|NOM//obl//3 placeras//VB|PRS|SFO//ROOT//3 de//DT|UTR/NEU|PLU|DEF//det//6 svenska//JJ|POS|UTR/NEU|PLU|IND/DEF|NOM//amod//6 bestämmelserna//NN|UTR|PLU|DEF|NOM//nsubj:pass//3 om//PP//case//8 uppehållsrätt//NN|UTR|SIN|IND|NOM//obl//3 huvudsakligen//AB//advmod//3 i//PP//case//11 utlänningsförordningen//NN|UTR|SIN|DEF|NOM//obl//3 .//MAD//punct//3
Sammanfattning;Av//PP//case//18 3//RG|NOM//nummod//15 kap.//NN|AN//nmod//16 5//RG|NOM//nummod//18 a//NN|NEU|SIN|IND|NOM//case//18 §//NN|AN//obl//21 kommer//VB|PRS|AKT//aux//21 att//IE//mark//21 framgå//VB|INF|AKT//parataxis//3 vilka//HD|UTR/NEU|PLU|IND//det//23 kategorier//NN|UTR|PLU|IND|NOM//obj//21 av//PP//case//25 medborgare//NN|UTR|PLU|IND|NOM//nmod//23 i//PP//case//27 EES-stater//NN|UTR|PLU|IND|NOM//nmod//25 och//KN//cc//30 i//PP//case//30 Schweiz//PM|NOM//conj//27 som//HP|-|-|-//conj//23
Sammanfattning;omfattas//VB|PRS|SFO//ROOT//0 av//PP//case//3 denna//DT|UTR|SIN|DEF//det//3 rätt//NN|UTR|SIN|IND|NOM//obl//0 .//MAD//punct//0
Sammanfattning;Bestämmelsen//NN|UTR|SIN|DEF|NOM//nsubj//8 kommer//VB|PRS|AKT//aux//8 att//IE//mark//8 inkludera//VB|INF|AKT//parataxis//0 såväl//KN//advmod//10 arbetstagare//NN|UTR|PLU|IND|NOM//obj//8 som//KN//mark//13 egna//JJ|POS|UTR/NEU|PLU|IND/DEF|NOM//amod//13 företagare//NN|UTR|PLU|IND|NOM//nmod//10 och//KN//cc//16 även//AB//advmod//16 de//PN|UTR/NEU|PLU|DEF|SUB//conj//10 som//HP|-|-|-//nsubj//26 av//PP//case//22 vissa//JJ|POS|UTR/NEU|PLU|IND/DEF|NOM//amod//22 närmare//AB|KOM//advmod//21 angivna//PC|PRF|UTR/NEU|PLU|IND/DEF|NOM//amod//22 skäl//NN|NEU|PLU|IND|NOM//obl//26 inte//AB//advmod//26 längre//AB|KOM//advmod//26 är//VB|PRS|AKT//cop//26 yrkesaktiva//JJ|POS|UTR/NEU|PLU|IND/DEF|NOM//acl:relcl//16 .//MAD//punct//8
Sammanfattning;Därutöver//AB//advmod//32 kommer//VB|PRS|AKT//aux//32 de//PN|UTR/NEU|PLU|DEF|SUB//nsubj//32 som//HP|-|-|-//nsubj//32 tillhandahåller//VB|PRS|AKT//conj//8 tjänster//NN|UTR|PLU|IND|NOM//obj//32 i//PP//case//35 Sverige//PM|NOM//nmod//33 att//IE//mark//37 ha//VB|INF|AKT//advcl//32 uppehållsrätt//NN|UTR|SIN|IND|NOM//obj//37 här//AB//advmod//37 .//MAD//punct//8
Sammanfattning;De//DT|UTR/NEU|PLU|DEF//det//42 personer//NN|UTR|PLU|IND|NOM//nsubj//48 som//HP|-|-|-//nsubj//46 i//PP//case//45 Sverige//PM|NOM//obl//46 mottar//VB|PRS|AKT//acl:relcl//42 tjänster//NN|UTR|PLU|IND|NOM//obj//46 kommer//VB|PRS|AKT//parataxis//8 dock//AB//advmod//48 ,//MID//punct//57 till//PP//case//54 skillnad//NN|UTR|SIN|IND|NOM//fixed//51 mot//PP//fixed//51 vad//HP|NEU|SIN|IND//dislocated//57 som//HP|-|-|-//nsubj//57 hittills//AB//advmod//57 gällt//VB|SUP|AKT//advcl//48 beträffande//PP//case//59 EES-tillstånd//NN|NEU|SIN|IND|NOM//obl//57 ,//MID//punct//57 inte//AB//advmod//63 att//IE//mark//63 omfattas//VB|INF|SFO//advcl//48 av//PP//case//65 bestämmelsen//NN|UTR|SIN|DEF|NOM//obl:agent//63 .//MAD//punct//8
Sammanfattning;Däremot//AB//advmod//68 kommer//VB|PRS|AKT//conj//8 ,//MID//punct//74 under//PP//case//74 vissa//JJ|POS|UTR/NEU|PLU|IND/DEF|NOM//amod//74 närmare//AB|KOM//advmod//73 föreskrivna//PC|PRF|UTR/NEU|PLU|IND/DEF|NOM//amod//74 förutsättningar//NN|UTR|PLU|IND|NOM//obl//68 ,//MID//punct//74 studerande//NN|UTR|PLU|IND|NOM//conj//74 ,//MID//punct//76 de//DT|UTR/NEU|PLU|DEF//det//79 personer//NN|UTR|PLU|IND|NOM//conj//74 som//HP|-|-|-//nsubj//81 kommit//VB|SUP|AKT//acl:relcl//79 till//PP//case//83 Sverige//PM|NOM//obl//81 för//PP//mark//86 att//IE//mark//86 söka//VB|INF|AKT//advcl//81 arbete//NN|NEU|SIN|IND|NOM//obj//86 och//KN//cc//89 de//PN|UTR/NEU|PLU|DEF|SUB//conj//74 som//HP|-|-|-//nsubj//91 har//VB|PRS|AKT//acl:relcl//89 tillräckliga//JJ|POS|UTR/NEU|PLU|IND/DEF|NOM//amod//93 tillgångar//NN|UTR|PLU|IND|NOM//obj//91 att//IE//mark//95 ha//VB|INF|AKT//advcl//91 uppehållsrätt//NN|UTR|SIN|IND|NOM//obj//95 i//PP//case//98 Sverige//PM|NOM//obl//95 .//MAD//punct//74
Sammanfattning;Slutligen//AB//advmod//101 omfattas//VB|PRS|SFO//conj//8 även//AB//advmod//101 de//DT|UTR/NEU|PLU|DEF//det//106 ovan//AB//advmod//105 angivna//PC|PRF|UTR/NEU|PLU|IND/DEF|NOM//amod//106 personernas//NN|UTR|PLU|DEF|GEN//nmod:poss//107 familjemedlemmar//NN|UTR|PLU|IND|NOM//obj//101 av//PP//case//109 uppehållsrätten//NN|UTR|SIN|DEF|NOM//nmod//107 ,//MID//punct//113 vilket//HP|NEU|SIN|IND//obj//113 vi//PN|UTR|PLU|DEF|SUB//nsubj//113 föreslår//VB|PRS|AKT//advcl//101 närmare//JJ|KOM|UTR/NEU|SIN/PLU|IND/DEF|NOM//amod//115 bestämmelser//NN|UTR|PLU|IND|NOM//obj//113 om//PP//advmod//113 i//PP//case//124 främst//AB|SUV//advmod//119 3//RG|NOM//nummod//120 kap.//NN|AN//nmod//121 5//RG|NOM//nummod//122 b//NN|NEU|SIN|IND|NOM//fixed//117 §//NN|AN//nmod//124 utlänningsförordningen//NN|UTR|SIN|DEF|NOM//obl//113 .//MAD//punct//0
Sammanfattning;Bibehållen//JJ|POS|UTR|SIN|IND|NOM//ROOT//0 uppehållsrätt//NN|UTR|SIN|IND|NOM//obj//0
Sammanfattning;Ett//DT|NEU|SIN|IND//det//1 uppehållstillstånd//NN|NEU|SIN|IND|NOM//nsubj//10 enligt//PP//case//6 den//DT|UTR|SIN|DEF//det//6 nu//AB//advmod//6 gällande//PC|PRS|UTR/NEU|SIN/PLU|IND/DEF|NOM//amod//6 ordningen//NN|UTR|SIN|DEF|NOM//nmod//1 i//PP//case//8 utlänningsförordningen//NN|UTR|SIN|DEF|NOM//nmod//6 är//VB|PRS|AKT//cop//10 tidsbegränsat//PC|PRF|NEU|SIN|IND|NOM//ROOT//10 .//MAD//punct//10
Sammanfattning;När//HA//mark//16 ett//DT|NEU|SIN|IND//det//15 sådant//JJ|POS|NEU|SIN|IND|NOM//amod//15 tillstånd//NN|NEU|SIN|IND|NOM//nsubj//16 löper//VB|PRS|AKT//advcl//31 ut//PL//compound:prt//16 kan//VB|PRS|AKT//advmod//16 den//DT|UTR|SIN|DEF//det//21 berörda//PC|PRF|UTR/NEU|SIN|DEF|NOM//amod//21 personen//NN|UTR|SIN|DEF|NOM//obj//18 ,//MID//punct//21 om//SN//mark//28 han//PN|UTR|SIN|DEF|SUB//nsubj//28 eller//KN//cc//26 hon//PN|UTR|SIN|DEF|SUB//conj//24 fortfarande//AB//advmod//28 uppfyller//VB|PRS|AKT//advcl//16 villkoren//NN|NEU|PLU|DEF|NOM//obj//28 ,//MID//punct//31 beviljas//VB|INF|SFO//parataxis//10 ett//DT|NEU|SIN|IND//det//34 nytt//JJ|POS|NEU|SIN|IND|NOM//amod//34 tillstånd//NN|NEU|SIN|IND|NOM//nsubj:pass//31 .//MAD//punct//31
Sammanfattning;Som//HP|-|-|-//mark//37 nämnts//VB|SUP|SFO//advcl//31 ovan//AB//advmod//37 är//VB|PRS|AKT//cop//41 däremot//AB//advmod//41 uppehållsrätten//NN|UTR|SIN|DEF|NOM//nsubj//48 för//PP//case//43 unionsmedborgare//NN|UTR|PLU|IND|NOM//nmod//41 och//KN//cc//46 deras//PS|UTR/NEU|SIN/PLU|DEF//nmod:poss//46 familjemedlemmar//NN|UTR|PLU|IND|NOM//conj//43 inte//AB//advmod//48 beroende//PC|PRS|UTR/NEU|SIN/PLU|IND/DEF|NOM//parataxis//10 av//PP//mark//52 att//SN//mark//52 den//PN|UTR|SIN|DEF|SUB/OBJ//nsubj:pass//52 fastslås//VB|PRS|SFO//acl//48 i//PP//case//55 ett//DT|NEU|SIN|IND//det//55 tillståndsförfarande//NN|NEU|SIN|IND|NOM//obl//52 .//MAD//punct//10
Sammanfattning;Den//PN|UTR|SIN|DEF|SUB/OBJ//nsubj//61 är//VB|PRS|AKT//cop//61 inte//AB//advmod//61 heller//AB//advmod//61 tidsbegränsad//PC|PRF|UTR|SIN|IND|NOM//parataxis//10 utan//KN//cc//63 gäller//VB|PRS|AKT//conj//61 så//AB//advmod//65 länge//AB|POS//advmod//63 personen//NN|UTR|SIN|DEF|NOM//nsubj//69 i//PP//case//68 fråga//NN|UTR|SIN|IND|NOM//nmod//66 uppfyller//VB|PRS|AKT//advcl//63 de//DT|UTR/NEU|PLU|DEF//det//72 aktuella//JJ|POS|UTR/NEU|PLU|IND/DEF|NOM//amod//72 villkoren//NN|NEU|PLU|DEF|NOM//obj//69 .//MAD//punct//61
Sammanfattning;För//PP//case//1 familjemedlemmar//NN|UTR|PLU|IND|NOM//obl//28 ,//MID//punct//8 som//HP|-|-|-//nsubj//8 för//PP//case//6 sin//PS|UTR|SIN|DEF//nmod:poss//6 uppehållsrätt//NN|UTR|SIN|IND|NOM//obl//8 är//VB|PRS|AKT//cop//8 beroende//PC|PRS|UTR/NEU|SIN/PLU|IND/DEF|NOM//acl:relcl//1 av//PP//case//8 bl.a.//AB|AN//advmod//14 anknytningen//NN|UTR|SIN|DEF|NOM//advmod//14 till//PP//case//14 den//DT|UTR|SIN|DEF//det//14 person//NN|UTR|SIN|IND|NOM//obl//8 som//HP|-|-|-//nsubj//16 har//VB|PRS|AKT//acl:relcl//14 primär//JJ|POS|UTR|SIN|IND|NOM//amod//18 uppehållsrätt//NN|UTR|SIN|IND|NOM//obj//16 –//RG|NOM//punct//1 t.ex.//AB|AN//advmod//26 genom//PP//mark//26 att//SN//mark//26 den//DT|UTR|SIN|DEF//det//24 personen//NN|UTR|SIN|DEF|NOM//nsubj//26 är//VB|PRS|AKT//cop//26 arbetstagare//NN|UTR|PLU|IND|NOM//appos//1 –//RG|NOM//punct//1 anger//VB|PRS|AKT//advcl//79 direktivet//NN|NEU|SIN|DEF|NOM//nsubj//28 vissa//JJ|POS|UTR/NEU|PLU|IND/DEF|NOM//amod//31 specialregler//NN|UTR|PLU|IND|NOM//obj//28 som//HP|-|-|-//nsubj//33 tar//VB|PRS|AKT//acl:relcl//31 sikte//NN|NEU|SIN|IND|NOM//obj//33 på//PP//case//37 förändrade//PC|PRF|UTR/NEU|PLU|IND/DEF|NOM//amod//37 familjeförhållanden//NN|NEU|PLU|IND|NOM//obl//33 .//MAD//punct//28
Sammanfattning;De//DT|UTR/NEU|PLU|DEF//det//40 familjemedlemmar//NN|UTR|PLU|IND|NOM//obj//49 som//HP|-|-|-//nsubj//43 är//VB|PRS|AKT//cop//43 medborgare//NN|UTR|PLU|IND|NOM//acl:relcl//40 i//PP//case//46 tredje//RO|NOM//amod//46 land//NN|NEU|SIN|IND|NOM//nmod//43 har//VB|PRS|AKT//aux//49 som//KN//mark//49 huvudregel//NN|UTR|SIN|IND|NOM//parataxis//28 inte//AB//advmod//49 någon//DT|UTR|SIN|IND//det//52 uppehållsrätt//NN|UTR|SIN|IND|NOM//obj//49 om//PP//mark//55 familjeanknytningen//NN|UTR|SIN|DEF|NOM//nsubj//55 upphör//VB|PRS|AKT//acl//52 .//MAD//punct//49
Sammanfattning;Viktiga//JJ|POS|UTR/NEU|PLU|IND/DEF|NOM//amod//58 undantag//NN|NEU|PLU|IND|NOM//nsubj:pass//59 görs//VB|PRS|SFO//conj//49 dock//AB//advmod//59 för//PP//case//62 fall//NN|NEU|PLU|IND|NOM//obl//59 i//PP//case//64 vilka//HP|UTR/NEU|PLU|IND//obl//66 anknytningen//NN|UTR|SIN|DEF|NOM//nsubj//66 upphör//VB|PRS|AKT//advcl//59 på//PP//case//70 grund//NN|UTR|SIN|IND|NOM//fixed//67 av//PP//fixed//67 dödsfall//NN|NEU|SIN|IND|NOM//obl//66 eller//KN//cc//72 äktenskapsskillnad//NN|UTR|SIN|IND|NOM//conj//70 m.m.//AB|AN//conj//70 I//PP//case//76 sådana//JJ|POS|UTR/NEU|PLU|IND|NOM//amod//76 fall//NN|NEU|PLU|IND|NOM//obl//66 kan//VB|PRS|AKT//aux//79 familjemedlemmen//NN|UTR|SIN|DEF|NOM//nsubj//79 ha//VB|INF|AKT//ROOT//79 möjlighet//NN|UTR|SIN|IND|NOM//obj//79 att//IE//mark//82 bibehålla//VB|INF|AKT//acl//80 sin//PS|UTR|SIN|DEF//nmod:poss//84 uppehållsrätt//NN|UTR|SIN|IND|NOM//obj//82 genom//PP//mark//87 att//IE//mark//87 uppfylla//VB|INF|AKT//advcl//82 vissa//JJ|POS|UTR/NEU|PLU|IND/DEF|NOM//amod//89 villkor//NN|NEU|PLU|IND|NOM//obj//87 ,//MID//punct//82 t.ex.//AB|AN//advmod//96 genom//PP//case//96 att//IE//mark//96 själv//JJ|POS|UTR|SIN|IND|NOM//advmod//96 vara//VB|INF|AKT//cop//96 arbetstagare//NN|UTR|SIN|IND|NOM//appos//82 .//MAD//punct//79
Sammanfattning;Direktivets//NN|NEU|SIN|DEF|GEN//nmod:poss//99 bestämmelser//NN|UTR|PLU|IND|NOM//nsubj//103 i//PP//case//102 dessa//DT|UTR/NEU|PLU|DEF//det//102 delar//NN|UTR|PLU|IND|NOM//nmod//99 föranleder//VB|PRS|AKT//parataxis//79 flera//JJ|POS|UTR/NEU|PLU|IND|NOM//amod//106 nya//JJ|POS|UTR/NEU|PLU|IND/DEF|NOM//amod//106 bestämmelser//NN|UTR|PLU|IND|NOM//obj//103 i//PP//case//110 3//RG|NOM//nummod//109 kap.//NN|AN//nmod//110 utlänningsförordningen//NN|UTR|SIN|DEF|NOM//obl//103 .//MAD//punct//79
Sammanfattning;Permanent//JJ|POS|UTR|SIN|IND|NOM//amod//1 uppehållsrätt//NN|UTR|SIN|IND|NOM//ROOT//1
Sammanfattning;Rörlighetsdirektivet//NN|NEU|SIN|DEF|NOM//nsubj//1 innebär//VB|PRS|AKT//ROOT//1 att//SN//mark//16 de//DT|UTR/NEU|PLU|DEF//det//4 personer//NN|UTR|PLU|IND|NOM//nsubj//16 ,//MID//punct//11 som//HP|-|-|-//case//11 genom//PP//mark//10 att//IE//mark//9 fortlöpande//JJ|POS|UTR/NEU|SIN/PLU|IND/DEF|NOM//advcl//10 uppfylla//VB|INF|AKT//amod//11 villkoren//NN|NEU|PLU|DEF|NOM//nmod//4 för//PP//case//13 uppehållsrätt//NN|UTR|SIN|IND|NOM//nmod//11 ,//MID//punct//11 även//AB//advmod//16 har//VB|PRS|AKT//ccomp//1 möjlighet//NN|UTR|SIN|IND|NOM//obj//16 att//IE//mark//22 under//PP//case//21 vissa//JJ|POS|UTR/NEU|PLU|IND/DEF|NOM//amod//21 förutsättningar//NN|UTR|PLU|IND|NOM//obl//22 förvärva//VB|INF|AKT//acl//17 en//DT|UTR|SIN|IND//det//24 rätt//NN|UTR|SIN|IND|NOM//obj//22 att//IE//mark//27 permanent//AB|POS//advmod//27 uppehålla//VB|INF|AKT//acl//24 sig//PN|UTR/NEU|SIN/PLU|DEF|OBJ//obj//27 i//PP//case//30 Sverige//PM|NOM//obl//27 .//MAD//punct//1
Sammanfattning;Den//DT|UTR|SIN|DEF//det//33 person//NN|UTR|SIN|IND|NOM//nsubj//40 som//HP|-|-|-//nsubj//36 har//VB|PRS|AKT//aux//36 förvärvat//VB|SUP|AKT//acl:relcl//33 en//DT|UTR|SIN|IND//det//39 sådan//JJ|POS|UTR|SIN|IND|NOM//amod//39 rätt//NN|UTR|SIN|IND|NOM//obj//36 behöver//VB|PRS|AKT//ccomp//1 inte//AB//advmod//40 längre//AB|KOM//advmod//43 uppfylla//VB|INF|AKT//xcomp//40 några//PN|UTR/NEU|PLU|IND|SUB/OBJ//obj//43 av//PP//case//47 de//DT|UTR/NEU|PLU|DEF//det//47 villkor//NN|NEU|PLU|IND|NOM//nmod//44 som//HP|-|-|-//nsubj:pass//49 ställs//VB|PRS|SFO//acl:relcl//47 upp//PL//compound:prt//49 för//PP//case//54 de//DT|UTR/NEU|PLU|DEF//det//54 olika//JJ|POS|UTR/NEU|PLU|IND/DEF|NOM//amod//54 personkategorierna//NN|UTR|PLU|DEF|NOM//obl//49 .//MID//punct//40
Sammanfattning;När//HA//mark//61 permanent//JJ|POS|UTR|SIN|IND|NOM//amod//58 uppehållsrätt//NN|UTR|SIN|IND|NOM//nsubj:pass//61 väl//AB|POS//advmod//61 har//VB|PRS|AKT//aux//61 förvärvats//VB|SUP|SFO//advcl//64 kan//VB|PRS|AKT//aux//64 den//PN|UTR|SIN|DEF|SUB/OBJ//nsubj//64 gå//VB|INF|AKT//parataxis//40 förlorad//PC|PRF|UTR|SIN|IND|NOM//xcomp//64 endast//AB//advmod//74 genom//PP//case//68 bortovaro//NN|UTR|SIN|IND|NOM//obl//74 från//PP//case//70 Sverige//PM|NOM//nmod//68 i//PP//case//74 mer//AB|KOM//fixed//71 än//KN//fixed//71 två//RG|NOM//nummod//78 på//PP//case//76 varandra//PN|UTR/NEU|PLU|DEF|OBJ//obl//77 följande//PC|PRS|UTR/NEU|SIN/PLU|IND/DEF|NOM//amod//78 år//NN|NEU|SIN|IND|NOM//obl//64 .//MAD//punct//1
Sammanfattning;Som//KN//case//1 huvudregel//NN|UTR|SIN|IND|NOM//obl//2 förvärvas//VB|PRS|SFO//ROOT//2 den//DT|UTR|SIN|DEF//det//5 permanenta//JJ|POS|UTR/NEU|SIN|DEF|NOM//amod//5 uppehållsrätten//NN|UTR|SIN|DEF|NOM//nsubj:pass//2 genom//PP//case//7 uppehåll//NN|NEU|SIN|IND|NOM//obl//2 i//PP//case//9 Sverige//PM|NOM//nmod//7 under//PP//case//13 en//DT|UTR|SIN|IND//det//13 fortlöpande//JJ|POS|UTR/NEU|SIN/PLU|IND/DEF|NOM//amod//13 period//NN|UTR|SIN|IND|NOM//obl//2 om//PP//case//16 fem//RG|NOM//nummod//16 år//NN|NEU|PLU|IND|NOM//nmod//13 .//MAD//punct//2
Sammanfattning;I//PP//case//20 vissa//JJ|POS|UTR/NEU|PLU|IND/DEF|NOM//amod//20 fall//NN|NEU|PLU|IND|NOM//obl//21 förvärvar//VB|PRS|AKT//parataxis//2 dock//AB//advmod//21 arbetstagare//NN|UTR|PLU|IND|NOM//xcomp//21 och//KN//cc//26 egna//JJ|POS|UTR/NEU|PLU|IND/DEF|NOM//amod//26 företagare//NN|UTR|PLU|IND|NOM//conj//23 samt//KN//cc//29 deras//PS|UTR/NEU|SIN/PLU|DEF//nmod:poss//29 familjemedlemmar//NN|UTR|PLU|IND|NOM//conj//23 permanent//JJ|POS|UTR|SIN|IND|NOM//amod//31 uppehållsrätt//NN|UTR|SIN|IND|NOM//nmod//29 dessförinnan//AB//conj//23 ,//MID//punct//34 nämligen//AB//advmod//21 om//SN//case//36 arbetstagaren//NN|UTR|SIN|DEF|NOM//obl//34 eller//KN//cc//40 den//DT|UTR|SIN|DEF//det//40 egna//JJ|POS|UTR/NEU|SIN|DEF|NOM//amod//40 företagaren//NN|UTR|SIN|DEF|NOM//conj//36 avbryter//VB|PRS|AKT//advcl//21 sin//PS|UTR|SIN|DEF//nmod:poss//43 yrkesverksamhet//NN|UTR|SIN|IND|NOM//obj//41 i//PP//case//45 Sverige//PM|NOM//obl//41 av//PP//case//50 vissa//JJ|POS|UTR/NEU|PLU|IND/DEF|NOM//amod//50 närmare//AB|KOM//advmod//49 angivna//PC|PRF|UTR/NEU|PLU|IND/DEF|NOM//amod//50 skäl//NN|NEU|PLU|IND|NOM//obl//41 ,//MID//punct//50 bl.a.//AB|AN//advmod//55 om//SN//mark//55 denne//PN|MAS|SIN|DEF|SUB/OBJ//nsubj//55 uppnår//VB|PRS|AKT//advcl//41 pensionsåldern//NN|UTR|SIN|DEF|NOM//obj//55 .//MAD//punct//2
Sammanfattning;Direktivets//NN|NEU|SIN|DEF|GEN//nmod:poss//1 bestämmelser//NN|UTR|PLU|IND|NOM//nsubj//5 i//PP//case//4 dessa//DT|UTR/NEU|PLU|DEF//det//4 delar//NN|UTR|PLU|IND|NOM//nmod//1 föranleder//VB|PRS|AKT//ROOT//5 flera//JJ|POS|UTR/NEU|PLU|IND|NOM//amod//8 nya//JJ|POS|UTR/NEU|PLU|IND/DEF|NOM//amod//8 bestämmelser//NN|UTR|PLU|IND|NOM//obj//5 i//PP//case//12 3//RG|NOM//nummod//11 kap.//NN|AN//nmod//12 utlänningsförordningen//NN|UTR|SIN|DEF|NOM//obl//5 .//MAD//punct//5
Sammanfattning;Begränsningar//NN|UTR|PLU|IND|NOM//ROOT//0 av//PP//case//2 rätten//NN|UTR|SIN|DEF|NOM//nmod//0 till//PP//case//4 inresa//NN|UTR|SIN|IND|NOM//nmod//2 och//KN//cc//6 uppehåll//NN|NEU|SIN|IND|NOM//conj//4
Sammanfattning;Vissa//PN|UTR/NEU|PLU|IND|SUB/OBJ//nsubj:pass//11 av//PP//case//5 de//DT|UTR/NEU|PLU|DEF//det//5 nu//AB//advmod//5 gällande//PC|PRS|UTR/NEU|SIN/PLU|IND/DEF|NOM//case//5 bestämmelserna//NN|UTR|PLU|DEF|NOM//nmod//0 om//PP//case//7 avvisning//NN|UTR|SIN|IND|NOM//nmod//5 kan//VB|PRS|AKT//aux//11 inte//AB//advmod//11 framdeles//AB//advmod//11 tillämpas//VB|INF|SFO//ROOT//11 mot//PP//case//14 sådana//JJ|POS|UTR/NEU|PLU|IND|NOM//amod//14 utlänningar//NN|UTR|PLU|IND|NOM//obl//11 som//HP|-|-|-//nsubj:pass//16 omfattas//VB|PRS|SFO//acl:relcl//14 av//PP//case//18 rörlighetsdirektivet//NN|NEU|SIN|DEF|NOM//obl:agent//16 .//MID//punct//11
Sammanfattning;Det//PN|NEU|SIN|DEF|SUB/OBJ//nsubj//21 gäller//VB|PRS|AKT//parataxis//11 avvisningsgrunder//NN|UTR|PLU|IND|NOM//obj//21 som//HP|-|-|-//nsubj//24 avser//VB|PRS|AKT//acl:relcl//22 att//SN//mark//30 personen//NN|UTR|SIN|DEF|NOM//nsubj//30 i//PP//advmod//30 fråga//NN|UTR|SIN|IND|NOM//fixed//27 inte//AB//fixed//27 har//VB|PRS|AKT//ccomp//24 tillräckliga//JJ|POS|UTR/NEU|PLU|IND/DEF|NOM//amod//32 medel//NN|NEU|PLU|IND|NOM//obj//30 för//PP//case//35 sin//PS|UTR|SIN|DEF//nmod:poss//35 vistelse//NN|UTR|SIN|IND|NOM//obl//30 m.m.//AB|AN//obj//30 eller//KN//cc//41 att//SN//mark//41 personen//NN|UTR|SIN|DEF|NOM//nsubj//41 inte//AB//advmod//41 har//VB|PRS|AKT//conj//21 de//DT|UTR/NEU|PLU|DEF//det//43 handlingar//NN|UTR|PLU|IND|NOM//obj//41 ,//MID//punct//43 t.ex.//AB|AN//advmod//46 pass//NN|NEU|SIN|IND|NOM//appos//43 ,//MID//punct//43 som//HP|-|-|-//nsubj:pass//49 krävs//VB|PRS|SFO//acl:relcl//43 för//PP//case//51 inresa//NN|UTR|SIN|IND|NOM//obl//49 men//KN//cc//58 som//HP|-|-|-//nsubj//58 på//PP//case//56 annat//JJ|POS|NEU|SIN|IND|NOM//amod//56 sätt//NN|NEU|SIN|IND|NOM//obl//58 kan//VB|PRS|AKT//aux//58 styrka//VB|INF|AKT//conj//51 sin//PS|UTR|SIN|DEF//nmod:poss//60 identitet//NN|UTR|SIN|IND|NOM//obj//58 och//KN//cc//63 sitt//PS|NEU|SIN|DEF//nmod:poss//63 medborgarskap//NN|NEU|SIN|IND|NOM//conj//60 .//MAD//punct//21
Sammanfattning;Vi//PN|UTR|PLU|DEF|SUB//nsubj//66 föreslår//VB|PRS|AKT//parataxis//21 därför//AB//mark//71 att//SN//fixed//67 dessa//DT|UTR/NEU|PLU|DEF//det//70 avvisningsregler//NN|UTR|PLU|IND|NOM//nsubj:pass//71 begränsas//VB|PRS|SFO//advcl//66 något//PN|NEU|SIN|IND|SUB/OBJ//nsubj:pass//71 men//KN//cc//78 att//SN//mark//78 avvisning//NN|UTR|SIN|IND|NOM//nsubj//78 skall//VB|PRS|AKT//aux//78 kunna//VB|INF|AKT//aux//78 ske//VB|INF|AKT//conj//71 i//PP//case//81 vissa//JJ|POS|UTR/NEU|PLU|IND/DEF|NOM//amod//81 fall//NN|NEU|PLU|IND|NOM//obl//78 när//HA//mark//84 utlänningen//NN|UTR|SIN|DEF|NOM//nsubj//84 belastar//VB|PRS|AKT//advcl//78 det//DT|NEU|SIN|DEF//det//87 sociala//JJ|POS|UTR/NEU|SIN|DEF|NOM//amod//87 biståndssystemet//NN|NEU|SIN|DEF|NOM//obj//84 .//MAD//punct//21
Sammanfattning;När//HA//mark//17 en//DT|UTR|SIN|IND//det//2 person//NN|UTR|SIN|IND|NOM//nsubj:pass//17 som//HP|-|-|-//nsubj:pass//4 omfattas//VB|PRS|SFO//acl:relcl//2 av//PP//case//8 de//DT|UTR/NEU|PLU|DEF//det//8 nya//JJ|POS|UTR/NEU|PLU|IND/DEF|NOM//amod//8 bestämmelserna//NN|UTR|PLU|DEF|NOM//obl//4 om//PP//mark//13 uppehållsrätt//NN|UTR|SIN|IND|NOM//nsubj//13 inte//AB//advmod//13 längre//AB|KOM//advmod//13 uppfyller//VB|PRS|AKT//advcl//4 de//DT|UTR/NEU|PLU|DEF//det//16 uppställda//PC|PRF|UTR/NEU|PLU|IND/DEF|NOM//amod//16 villkoren//NN|NEU|PLU|DEF|NOM//obj//13 undantas//VB|PRS|SFO//advcl//38 denne//PN|MAS|SIN|DEF|SUB/OBJ//nsubj:pass//17 inte//AB//advmod//17 längre//AB|KOM//advmod//17 från//PP//case//22 huvudregeln//NN|UTR|SIN|DEF|NOM//obl//17 i//PP//case//24 utlänningslagen//NN|UTR|SIN|DEF|NOM//obl//17 ,//MID//punct//17 d.v.s.//AB|AN//advmod//31 kravet//NN|NEU|SIN|DEF|NOM//nsubj//31 på//PP//case//29 uppehållstillstånd//NN|NEU|SIN|IND|NOM//nmod//27 .//MAD//punct//27
Sammanfattning;Saknas//VB|PRS|SFO//nsubj//38 i//PP//case//34 den//DT|UTR|SIN|DEF//det//34 situationen//NN|UTR|SIN|DEF|NOM//obl//31 uppehållstillstånd//NN|NEU|SIN|IND|NOM//advmod//38 kan//VB|PRS|AKT//aux//38 personen//NN|UTR|SIN|DEF|NOM//nsubj//38 bli//VB|INF|AKT//ROOT//38 föremål//NN|NEU|SIN|IND|NOM//xcomp//38 för//PP//case//41 beslut//NN|NEU|SIN|IND|NOM//nmod//39 om//PP//case//43 avlägsnande//NN|NEU|SIN|IND|NOM//nmod//39 .//MAD//punct//38
Sammanfattning;Vi//PN|UTR|PLU|DEF|SUB//nsubj//46 föreslår//VB|PRS|AKT//parataxis//38 i//PP//case//49 den//DT|UTR|SIN|DEF//det//49 delen//NN|UTR|SIN|DEF|NOM//obl//46 att//SN//mark//56 en//DT|UTR|SIN|IND//det//53 sådan//JJ|POS|UTR|SIN|IND|NOM//amod//53 utlänning//NN|UTR|SIN|IND|NOM//nsubj:pass//56 skall//VB|PRS|AKT//aux//56 kunna//VB|INF|AKT//aux//56 utvisas//VB|INF|SFO//advcl//46 .//MAD//punct//46
Sammanfattning;Rörlighetsdirektivet//NN|NEU|SIN|DEF|NOM//nsubj//1 ger//VB|PRS|AKT//ROOT//1 även//AB//advmod//1 utrymme//NN|NEU|SIN|IND|NOM//obj//1 för//PP//mark//6 att//IE//mark//6 avvisa//VB|INF|AKT//advcl//1 eller//KN//cc//8 utvisa//VB|INF|AKT//conj//6 personer//NN|UTR|PLU|IND|NOM//obj//6 av//PP//case//11 hänsyn//NN|UTR|SIN|IND|NOM//nmod//9 till//PP//case//14 allmän//JJ|POS|UTR|SIN|IND|NOM//amod//14 ordning//NN|UTR|SIN|IND|NOM//obl//6 eller//KN//cc//16 säkerhet//NN|UTR|SIN|IND|NOM//conj//14 .//MAD//punct//1
Sammanfattning;I//PP//case//20 den//DT|UTR|SIN|DEF//det//20 delen//NN|UTR|SIN|DEF|NOM//obl//21 innebär//VB|PRS|AKT//parataxis//1 direktivet//NN|NEU|SIN|DEF|NOM//nsubj//21 ingen//DT|UTR|SIN|IND//det//25 principiell//JJ|POS|UTR|SIN|IND|NOM//amod//25 förändring//NN|UTR|SIN|IND|NOM//obj//21 av//PP//case//30 nu//AB//advmod//28 gällande//PC|PRS|UTR/NEU|SIN/PLU|IND/DEF|NOM//amod//30 svensk//JJ|POS|UTR|SIN|IND|NOM//amod//30 rätt//NN|UTR|SIN|IND|NOM//nmod//25 .//MAD//punct//21
Sammanfattning;På//PP//case//36 grund//NN|UTR|SIN|IND|NOM//fixed//32 av//PP//fixed//32 direktivets//NN|NEU|SIN|DEF|GEN//nmod:poss//36 bestämmelser//NN|UTR|PLU|IND|NOM//obl//39 måste//VB|PRS|AKT//aux//39 dock//AB//advmod//39 införas//VB|INF|SFO//conj//1 vissa//JJ|POS|UTR/NEU|PLU|IND/DEF|NOM//amod//41 regler//NN|UTR|PLU|IND|NOM//nsubj:pass//39 om//PP//case//43 delgivning//NN|UTR|SIN|IND|NOM//nmod//41 av//PP//case//46 alla//DT|UTR/NEU|PLU|IND/DEF//det//46 beslut//NN|NEU|PLU|IND|NOM//nmod//43 som//HP|-|-|-//nsubj//48 begränsar//VB|PRS|AKT//acl:relcl//46 den//DT|UTR|SIN|DEF//det//51 fria//JJ|POS|UTR/NEU|SIN|DEF|NOM//amod//51 rörlighet//NN|UTR|SIN|IND|NOM//obj//48 som//HP|-|-|-//nsubj//58 annars//AB//advmod//58 skall//VB|PRS|AKT//aux//58 tillkomma//VB|INF|AKT//cop//58 de//DT|UTR/NEU|PLU|DEF//det//58 berörda//PC|PRF|UTR/NEU|PLU|IND/DEF|NOM//amod//58 personerna//NN|UTR|PLU|DEF|NOM//acl:relcl//51 .//MAD//punct//1
Sammanfattning;Detta//PN|NEU|SIN|DEF|SUB/OBJ//nsubj//61 gäller//VB|PRS|AKT//parataxis//1 även//AB//advmod//61 andra//JJ|POS|UTR/NEU|PLU|IND/DEF|NOM//amod//64 beslut//NN|NEU|PLU|IND|NOM//obj//61 om//PP//case//66 avlägsnande//NN|NEU|SIN|IND|NOM//acl//64 än//KN//case//68 dem//PN|UTR/NEU|PLU|DEF|OBJ//nmod//66 som//HP|-|-|-//nsubj:pass//70 grundas//VB|PRS|SFO//acl:relcl//68 på//PP//case//75 hänsyn//NN|UTR|SIN|IND|NOM//fixed//71 till//PP//case//75 allmän//JJ|POS|UTR|SIN|IND|NOM//amod//75 ordning//NN|UTR|SIN|IND|NOM//obl//70 och//KN//cc//77 säkerhet//NN|UTR|SIN|IND|NOM//conj//75 ,//MID//punct//81 samt//KN//cc//81 vissa//JJ|POS|UTR/NEU|PLU|IND/DEF|NOM//amod//81 beslut//NN|NEU|PLU|IND|NOM//obl//61 i//PP//case//83 viseringsfrågor//NN|UTR|PLU|IND|NOM//nmod//81 .//MAD//punct//61
Sammanfattning;Till//PP//case//87 dessa//DT|UTR/NEU|PLU|DEF//det//87 delgivningsregler//NN|UTR|PLU|IND|NOM//obl//92 är//VB|PRS|AKT//cop//92 en//DT|UTR|SIN|IND//det//91 ny//JJ|POS|UTR|SIN|IND|NOM//amod//91 bestämmelse//NN|UTR|SIN|IND|NOM//nsubj//92 kopplad//PC|PRF|UTR|SIN|IND|NOM//advcl//61 ,//MID//punct//95 som//HP|-|-|-//nsubj//95 innebär//VB|PRS|AKT//advcl//92 att//SN//mark//110 verkställighet//NN|UTR|SIN|IND|NOM//nsubj:pass//110 som//KN//obl//101 huvudregel//NN|UTR|SIN|IND|NOM//nsubj//101 får//VB|PRS|AKT//aux//101 ske//VB|INF|AKT//acl:relcl//97 tidigast//JJ|SUV|UTR/NEU|SIN/PLU|IND|NOM//advmod//101 en//DT|UTR|SIN|IND//det//104 månad//NN|UTR|SIN|IND|NOM//obl//101 efter//PP//case//106 det//PN|NEU|SIN|DEF|SUB/OBJ//nmod//104 att//SN//mark//110 beslutet//NN|NEU|SIN|DEF|NOM//nsubj:pass//110 har//VB|PRS|AKT//aux//110 delgetts//VB|SUP|SFO//ccomp//95 .//MAD//punct//61
Sammanfattning;Detta//PN|NEU|SIN|DEF|SUB/OBJ//nsubj//113 gäller//VB|PRS|AKT//conj//1 dock//AB//advmod//113 inte//AB//advmod//113 beslut//NN|NEU|SIN|IND|NOM//obj//113 om//PP//case//118 avvisning//NN|UTR|SIN|IND|NOM//obl//113 som//HP|-|-|-//nsubj:pass//120 fattas//VB|PRS|SFO//acl:relcl//118 i//PP//case//124 samband//NN|NEU|SIN|IND|NOM//fixed//121 med//PP//fixed//121 inresekontroll//NN|UTR|SIN|IND|NOM//obl//120 .//MAD//punct//113
Sammanfattning;Såvitt//SN//advmod//1 gäller//VB|PRS|AKT//ROOT//1 alla//DT|UTR/NEU|PLU|IND/DEF//det//3 beslut//NN|NEU|PLU|IND|NOM//obj//1 om//PP//case//5 avlägsnande//NN|NEU|SIN|IND|NOM//nmod//3 som//HP|-|-|-//nsubj:pass//7 grundas//VB|PRS|SFO//acl:relcl//5 på//PP//case//9 hänsynen//NN|UTR|SIN|DEF|NOM//obl//7 till//PP//case//12 allmän//JJ|POS|UTR|SIN|IND|NOM//amod//12 ordning//NN|UTR|SIN|IND|NOM//obl//7 eller//KN//cc//14 säkerhet//NN|UTR|SIN|IND|NOM//conj//12 –//RG|NOM//punct//20 och//KN//cc//19 således//AB//advmod//19 inte//AB//advmod//19 endast//AB//advmod//20 beslut//NN|NEU|SIN|IND|NOM//conj//1 om//PP//case//22 utvisning//NN|UTR|SIN|IND|NOM//nmod//20 på//PP//case//26 grund//NN|UTR|SIN|IND|NOM//fixed//23 av//PP//fixed//23 brott//NN|NEU|PLU|IND|NOM//nmod//22 –//RG|NOM//punct//28 föreskriver//VB|PRS|AKT//conj//1 direktivet//NN|NEU|SIN|DEF|NOM//obj//28 att//SN//mark//35 utlänningens//NN|UTR|SIN|DEF|GEN//nmod:poss//33 personliga//JJ|POS|UTR/NEU|PLU|IND/DEF|NOM//amod//33 förhållanden//NN|NEU|PLU|IND|NOM//nsubj:pass//35 skall//VB|PRS|AKT//aux//35 beaktas//VB|INF|SFO//ccomp//28 .//MAD//punct//28
Sammanfattning;Vi//PN|UTR|PLU|DEF|SUB//nsubj//38 föreslår//VB|PRS|AKT//parataxis//28 därför//AB//mark//48 att//SN//fixed//39 det//PN|NEU|SIN|DEF|SUB/OBJ//expl//48 i//PP//case//44 vissa//JJ|POS|UTR/NEU|PLU|IND/DEF|NOM//amod//44 avvisnings-//NN|UTR|-|-|SMS//obl//48 och//KN//cc//46 utvisningsfall//NN|NEU|PLU|IND|NOM//conj//44 måste//VB|PRS|AKT//aux//48 föreligga//VB|INF|AKT//advcl//38 synnerliga//JJ|POS|UTR/NEU|PLU|IND/DEF|NOM//amod//50 skäl//NN|NEU|PLU|IND|NOM//obj//48 för//PP//case//52 åtgärden//NN|UTR|SIN|DEF|NOM//obl//48 eller//KN//cc//52 t.o.m.//AB|AN//advmod//38
Sammanfattning;–//RG|NOM//punct//5 som//KN//case//5 ett//DT|NEU|SIN|IND//det//5 mycket//AB|POS//advmod//4 starkt//JJ|POS|NEU|SIN|IND|NOM//amod//5 skydd//NN|NEU|SIN|IND|NOM//ROOT//5 mot//PP//case//7 avlägsnande//NN|NEU|SIN|IND|NOM//nmod//5 –//PAD//punct//5 ”//PAD//punct//11 tvingande//PC|PRS|UTR/NEU|SIN/PLU|IND/DEF|NOM//amod//11 hänsyn//NN|UTR|SIN|IND|NOM//appos//5 till//PP//case//14 allmän//JJ|POS|UTR|SIN|IND|NOM//amod//14 säkerhet//NN|UTR|SIN|IND|NOM//nmod//11 ”//RG|NOM//punct//11 .//MAD//punct//5
Sammanfattning;I//PP//case//1 direktivet//NN|NEU|SIN|DEF|NOM//obl//2 anges//VB|PRS|SFO//ROOT//2 vidare//AB|KOM//advmod//2 en//DT|UTR|SIN|IND//det//5 rad//NN|UTR|SIN|IND|NOM//nmod//6 bestämmelser//NN|UTR|PLU|IND|NOM//nsubj:pass//2 som//HP|-|-|-//nsubj//8 utgör//VB|PRS|AKT//acl:relcl//6 rättssäkerhetsgarantier//NN|UTR|PLU|IND|NOM//obj//8 .//MID//punct//2
Sammanfattning;Eftersom//SN//mark//14 dessa//DT|UTR/NEU|PLU|DEF//det//13 bestämmelser//NN|UTR|PLU|IND|NOM//nsubj//14 har//VB|PRS|AKT//advcl//2 mycket//AB|POS//advmod//16 nära//JJ|POS|UTR/NEU|SIN/PLU|IND/DEF|NOM//amod//17 samband//NN|NEU|SIN|IND|NOM//obj//14 med//PP//case//20 allmänna//JJ|POS|UTR/NEU|PLU|IND/DEF|NOM//amod//20 frågor//NN|UTR|PLU|IND|NOM//obl//14 om//PP//case//22 instans-//NN|UTR|-|-|SMS//nmod//20 och//KN//cc//24 processordningen//NN|UTR|SIN|DEF|NOM//conj//22 i//PP//case//26 utlänningsärenden//NN|NEU|PLU|IND|NOM//nmod//24 ,//MID//punct//33 har//VB|PRS|AKT//aux//33 vi//PN|UTR|PLU|DEF|SUB//nsubj//33 i//PP//case//32 denna//DT|UTR|SIN|DEF//det//32 del//NN|UTR|SIN|IND|NOM//obl//33 beaktat//VB|SUP|AKT//conj//2 det//DT|NEU|SIN|DEF//det//35 förslag//NN|NEU|SIN|IND|NOM//obj//33 till//PP//case//38 ny//JJ|POS|UTR|SIN|IND|NOM//amod//38 utlänningslag//NN|UTR|SIN|IND|NOM//nmod//35 som//HP|-|-|-//nsubj:pass//40 föreslås//VB|PRS|SFO//acl:relcl//38 i//PP//case//43 regeringens//NN|UTR|SIN|DEF|GEN//nmod:poss//43 lagrådsremiss//NN|UTR|SIN|IND|NOM//obl//40 av//PP//case//47 den//DT|UTR|SIN|DEF//det//47 17//RG|NOM//nummod//47 mars//NN|UTR|SIN|IND|NOM//nmod//43 2005//RG|NOM//nummod//47 .//MAD//punct//2
Sammanfattning;Vi//PN|UTR|PLU|DEF|SUB//nsubj//53 har//VB|PRS|AKT//aux//53 därvid//AB//advmod//53 utgått//VB|SUP|AKT//parataxis//2 från//PP//mark//64 att//SN//mark//64 betydande//PC|PRS|UTR/NEU|SIN/PLU|IND/DEF|NOM//amod//57 förändringar//NN|UTR|PLU|IND|NOM//nsubj//64 av//PP//case//61 den//DT|UTR|SIN|DEF//det//61 nuvarande//PC|PRS|UTR/NEU|SIN/PLU|IND/DEF|NOM//amod//61 ordningen//NN|UTR|SIN|DEF|NOM//nmod//57 kommer//VB|PRS|AKT//aux//64 att//IE//mark//64 ske//VB|INF|AKT//advcl//53 .//MAD//punct//53
Sammanfattning;Det//PN|NEU|SIN|DEF|SUB/OBJ//expl//69 är//VB|PRS|AKT//cop//69 vår//PS|UTR|SIN|DEF//nmod:poss//69 bedömning//NN|UTR|SIN|IND|NOM//nsubj//79 att//SN//mark//75 den//PN|UTR|SIN|DEF|SUB/OBJ//det//75 i//PP//case//73 lagrådsremissen//NN|UTR|SIN|DEF|NOM//obl//74 föreslagna//PC|PRF|UTR/NEU|SIN|DEF|NOM//amod//75 ordningen//NN|UTR|SIN|DEF|NOM//nmod//69 i//PP//case//78 stora//JJ|POS|UTR/NEU|PLU|IND/DEF|NOM//amod//78 delar//NN|UTR|PLU|IND|NOM//nmod//75 uppfyller//VB|PRS|AKT//advcl//53 direktivets//NN|NEU|SIN|DEF|GEN//nmod:poss//81 krav//NN|NEU|PLU|IND|NOM//obj//79 .//MAD//punct//53
Sammanfattning;Vissa//JJ|POS|UTR/NEU|PLU|IND/DEF|NOM//amod//84 kompletteringar//NN|UTR|PLU|IND|NOM//nsubj:pass//87 bör//VB|PRS|AKT//aux//87 dock//AB//advmod//87 göras//VB|INF|SFO//conj//53 dels//KN//advmod//90 avseende//PC|PRS|UTR/NEU|SIN/PLU|IND/DEF|NOM//amod//90 möjligheten//NN|UTR|SIN|DEF|NOM//obl//87 att//IE//mark//92 överklaga//VB|INF|AKT//acl//90 vissa//JJ|POS|UTR/NEU|PLU|IND/DEF|NOM//amod//94 beslut//NN|NEU|PLU|IND|NOM//obj//92 om//PP//case//96 visering//NN|UTR|SIN|IND|NOM//obl//92 ,//MID//punct//100 dels//KN//advmod//100 i//PP//case//100 frågor//NN|UTR|PLU|IND|NOM//obl//2 som//HP|-|-|-//nsubj//102 rör//VB|PRS|AKT//acl:relcl//100 inhibition//NN|UTR|SIN|IND|NOM//obj//102 av//PP//case//105 verkställighet//NN|UTR|SIN|IND|NOM//nmod//103 .//MAD//punct//2
Sammanfattning;Vi//PN|UTR|PLU|DEF|SUB//nsubj//108 berör//VB|PRS|AKT//parataxis//2 också//AB//advmod//108 frågan//NN|UTR|SIN|DEF|NOM//obj//108
Sammanfattning;om//SN//mark//3 den//DT|UTR|SIN|DEF//det//3 föreslagna//PC|PRF|UTR/NEU|SIN|DEF|NOM//amod//3 instansordningen//NN|UTR|SIN|DEF|NOM//advcl//14 för//PP//case//6 s.k.//AB|AN//amod//6 säkerhetsärenden//NN|NEU|PLU|IND|NOM//nmod//3 och//KN//cc//8 ärenden//NN|NEU|PLU|IND|NOM//conj//6 enligt//PP//case//10 lagen//NN|UTR|SIN|DEF|NOM//nmod//8 om//PP//case//13 särskild//PC|PRF|UTR|SIN|IND|NOM//amod//13 utlänningskontroll//NN|UTR|SIN|IND|NOM//nmod//10 uppfyller//VB|PRS|AKT//ROOT//14 direktivets//NN|NEU|SIN|DEF|GEN//nmod:poss//16 krav//NN|NEU|PLU|IND|NOM//obj//14 .//MAD//punct//14
Sammanfattning;Mot//PP//case//19 bakgrund//NN|UTR|SIN|IND|NOM//obl//14 av//PP//mark//28 att//SN//mark//28 våra//PS|UTR/NEU|PLU|DEF//nmod:poss//23 bedömningar//NN|UTR|PLU|IND|NOM//nsubj//28 i//PP//case//26 dessa//DT|UTR/NEU|PLU|DEF//det//26 delar//NN|UTR|PLU|IND|NOM//nmod//23 inte//AB//advmod//28 utgår//VB|PRS|AKT//acl//19 från//PP//case//31 gällande//PC|PRS|UTR/NEU|SIN/PLU|IND/DEF|NOM//amod//31 rätt//NN|UTR|SIN|IND|NOM//obl//28 utan//KN//cc//33 tar//VB|PRS|AKT//conj//14 sin//PS|UTR|SIN|DEF//nmod:poss//35 utgångspunkt//NN|UTR|SIN|IND|NOM//obj//33 i//PP//case//38 regeringens//NN|UTR|SIN|DEF|GEN//nmod:poss//38 förslag//NN|NEU|SIN|IND|NOM//obl//33 i//PP//case//40 lagrådsremissen//NN|UTR|SIN|DEF|NOM//nmod//38 ,//MID//punct//45 har//VB|PRS|AKT//aux//45 vi//PN|UTR|PLU|DEF|SUB//nsubj//45 inte//AB//advmod//45 ansett//VB|SUP|AKT//conj//14 det//PN|NEU|SIN|DEF|SUB/OBJ//det//47 möjligt//JJ|POS|NEU|SIN|IND|NOM//obj//45 att//IE//mark//49 lämna//VB|INF|AKT//advcl//45 konkreta//JJ|POS|UTR/NEU|PLU|IND/DEF|NOM//amod//51 ändringsförslag//NN|NEU|PLU|IND|NOM//obj//49 .//MAD//punct//14
Sammanfattning;Enligt//PP//case//1 direktivet//NN|NEU|SIN|DEF|NOM//obl//13 skall//VB|PRS|AKT//aux//13 den//DT|UTR|SIN|DEF//det//4 person//NN|UTR|SIN|IND|NOM//nsubj//13 som//HP|-|-|-//nsubj:pass//6 meddelats//VB|SUP|SFO//acl:relcl//4 förbud//NN|NEU|SIN|IND|NOM//obj//6 att//IE//mark//9 återresa//VB|INF|AKT//advcl//6 till//PP//case//12 en//DT|UTR|SIN|IND//det//12 medlemsstat//NN|UTR|SIN|IND|NOM//obl//9 ha//VB|INF|AKT//ROOT//13 möjlighet//NN|UTR|SIN|IND|NOM//obj//13 att//IE//mark//16 ansöka//VB|INF|AKT//acl//14 om//PP//mark//18 upphävande//NN|NEU|SIN|IND|NOM//advcl//16 av//PP//case//20 förbudet//NN|NEU|SIN|DEF|NOM//obl//18 .//MAD//punct//13
Sammanfattning;Vi//PN|UTR|PLU|DEF|SUB//nsubj//23 föreslår//VB|PRS|AKT//parataxis//13 därför//AB//advmod//23 att//SN//advmod//23 regeringens//NN|UTR|SIN|DEF|GEN//nmod:poss//27 möjlighet//NN|UTR|SIN|IND|NOM//nsubj//35 enligt//PP//case//33 7//RG|NOM//nummod//30 kap.//NN|AN//nmod//31 16//RG|NOM//nummod//32 §//NN|AN//nmod//33 utlänningslagen//NN|UTR|SIN|DEF|NOM//nmod//27 att//SN//mark//35 återbryta//NN|UTR|SIN|IND|NOM//nsubj:pass//38 domstols//NN|UTR|SIN|IND|GEN//amod//37 utvisningsförordnande//NN|NEU|SIN|IND|NOM//obj//35 utökas//VB|PRS|SFO//ccomp//23 till//PP//mark//42 att//IE//mark//42 generellt//AB|POS//advmod//42 omfatta//VB|INF|AKT//advcl//38 förbud//NN|NEU|SIN|IND|NOM//obj//42 att//IE//mark//45 återvända//VB|INF|AKT//advcl//42 till//PP//case//47 Sverige//PM|NOM//obl//45 ,//MID//punct//45 även//AB//advmod//52 när//HA//mark//52 förbudet//NN|NEU|SIN|DEF|NOM//nsubj:pass//52 meddelats//VB|SUP|SFO//advcl//45 i//PP//case//54 förening//NN|UTR|SIN|IND|NOM//obl//52 med//PP//case//58 ett//DT|NEU|SIN|IND//det//58 annat//JJ|POS|NEU|SIN|IND|NOM//amod//58 beslut//NN|NEU|SIN|IND|NOM//nmod//54 om//PP//mark//60 avlägsnande//NN|NEU|SIN|IND|NOM//acl//58 än//KN//case//62 utvisning//NN|UTR|SIN|IND|NOM//nmod//60 på//PP//case//66 grund//NN|UTR|SIN|IND|NOM//fixed//63 av//PP//fixed//63 brott//NN|NEU|PLU|IND|NOM//nmod//62 .//MAD//punct//23
Sammanfattning;Direktivet//NN|NEU|SIN|DEF|NOM//nsubj//69 föreskriver//VB|PRS|AKT//conj//23 vidare//AB|KOM//advmod//69 att//IE//mark//77 i//PP//case//74 de//DT|UTR/NEU|PLU|DEF//det//74 fall//NN|NEU|PLU|IND|NOM//obl//77 det//PN|NEU|SIN|DEF|SUB/OBJ//nsubj//77 har//VB|PRS|AKT//aux//77 förflutit//VB|SUP|AKT//csubj//93 två//RG|NOM//nummod//79 år//NN|NEU|PLU|IND|NOM//obj//77 från//PP//case//82 ett//DT|NEU|SIN|IND//det//82 beslut//NN|NEU|SIN|IND|NOM//obl//77 om//PP//case//84 utvisning//NN|UTR|SIN|IND|NOM//nmod//82 på//PP//case//88 grund//NN|UTR|SIN|IND|NOM//fixed//85 av//PP//fixed//85 brott//NN|NEU|SIN|IND|NOM//nmod//84 till//PP//case//91 dess//PS|UTR/NEU|SIN/PLU|DEF//nmod:poss//91 beslutet//NN|NEU|SIN|DEF|NOM//nmod//88 skall//VB|PRS|AKT//aux//93 verkställas//VB|INF|SFO//ccomp//69 ,//MID//punct//23 skall//VB|PRS|AKT//aux//97 medlemsstaten//NN|UTR|SIN|DEF|NOM//nsubj//97 kontrollera//VB|INF|AKT//conj//23 att//SN//mark//103 den//DT|UTR|SIN|DEF//det//101 berörda//PC|PRF|UTR/NEU|SIN|DEF|NOM//amod//101 personen//NN|UTR|SIN|DEF|NOM//nsubj//103 fortfarande//AB//advmod//103 utgör//VB|PRS|AKT//ccomp//97 ett//DT|NEU|SIN|IND//det//105 hot//NN|NEU|SIN|IND|NOM//obj//103 mot//PP//case//108 allmän//JJ|POS|UTR|SIN|IND|NOM//amod//108 ordning//NN|UTR|SIN|IND|NOM//nmod//105 eller//KN//cc//110 säkerhet//NN|UTR|SIN|IND|NOM//conj//108 .//MAD//punct//23
Sammanfattning;Vi//PN|UTR|PLU|DEF|SUB//nsubj//113 föreslår//VB|PRS|AKT//parataxis//23 därför//AB//mark//118 att//SN//fixed//114 det//PN|NEU|SIN|DEF|SUB/OBJ//nsubj//118 skall//VB|PRS|AKT//aux//118 åligga//VB|INF|AKT//advcl//113 den//DT|UTR|SIN|DEF//det//120 myndighet//NN|UTR|SIN|IND|NOM//obj//118 som//HP|-|-|-//nsubj//123 skall//VB|PRS|AKT//aux//123 verkställa//VB|INF|AKT//acl:relcl//120 utvisningsförordnandet//NN|NEU|SIN|DEF|NOM//obj//123 att//IE//mark//126 granska//VB|INF|AKT//advcl//123 utlänningens//NN|UTR|SIN|DEF|GEN//nmod:poss//129 personliga//JJ|POS|UTR/NEU|PLU|IND/DEF|NOM//amod//129 förhållanden//NN|NEU|PLU|IND|NOM//obj//126 .//MAD//punct//113
Sammanfattning;Om//SN//mark//134 förhållandena//NN|NEU|PLU|DEF|NOM//nsubj:pass//134 har//VB|PRS|AKT//aux//134 ändrats//VB|SUP|SFO//advcl//113 på//PP//case//138 ett//DT|NEU|SIN|IND//det//138 sådant//JJ|POS|NEU|SIN|IND|NOM//amod//138 sätt//NN|NEU|SIN|IND|NOM//obl//134 att//SN//mark//142 det//PN|NEU|SIN|DEF|SUB/OBJ//expl//142 kan//VB|PRS|AKT//aux//142 finnas//VB|INF|SFO//acl//138 skäl//NN|NEU|PLU|IND|NOM//obj//142 att//IE//mark//145 återbryta//VB|INF|AKT//acl//143 utvisningsförordnandet//NN|NEU|SIN|DEF|NOM//obj//145 ,//MID//punct//23 skall//VB|PRS|AKT//aux//153 myndigheten//NN|UTR|SIN|DEF|NOM//nsubj//153 enligt//PP//case//152 vårt//PS|NEU|SIN|DEF//nmod:poss//152 förslag//NN|NEU|SIN|IND|NOM//obl//153 underrätta//VB|INF|AKT//conj//23 regeringen//NN|UTR|SIN|DEF|NOM//obj//153 .//MAD//punct//23
Sammanfattning;Regeringen//NN|UTR|SIN|DEF|NOM//nsubj//157 har//VB|PRS|AKT//parataxis//23 därefter//AB//advmod//157 möjlighet//NN|UTR|SIN|IND|NOM//obj//157 att//IE//mark//161 pröva//VB|INF|AKT//acl//159 frågan//NN|UTR|SIN|DEF|NOM//obj//161 i//PP//case//167 enlighet//NN|UTR|SIN|IND|NOM//fixed//163 med//PP//fixed//163 7//RG|NOM//nummod//167 kap.//NN|AN//nmod//170 16//RG|NOM//nummod//169 §//NN|AN//nmod//170 utlänningslagen//NN|UTR|SIN|DEF|NOM//obl//161 .//MAD//punct//23
Sammanfattning;Registrering//NN|UTR|SIN|IND|NOM//ROOT//0
Sammanfattning;Vi//PN|UTR|PLU|DEF|SUB//nsubj//2 har//VB|PRS|AKT//aux//2 funnit//VB|SUP|AKT//ROOT//2 att//SN//mark//6 det//PN|NEU|SIN|DEF|SUB/OBJ//nsubj:pass//6 bör//VB|PRS|AKT//aux//6 införas//VB|INF|SFO//ccomp//2 registrering//NN|UTR|SIN|IND|NOM//obj//6 av//PP//case//10 de//DT|UTR/NEU|PLU|DEF//det//10 medborgare//NN|UTR|PLU|IND|NOM//nmod//7 i//PP//case//13 en//DT|UTR|SIN|IND//det//13 EESstat//NN|UTR|SIN|IND|NOM//obl//6 eller//KN//cc//16 i//PP//case//16 Schweiz//PM|NOM//conj//13 ,//MID//punct//16 som//HP|-|-|-//nsubj:pass//19 vistas//VB|PRS|SFO//acl:relcl//16 i//PP//case//21 Sverige//PM|NOM//obl//19 under//PP//case//24 längre//JJ|KOM|UTR/NEU|SIN/PLU|IND/DEF|NOM//amod//24 tid//NN|UTR|SIN|IND|NOM//obl//19 än//KN//case//27 tre//RG|NOM//nummod//27 månader//NN|UTR|PLU|IND|NOM//nmod//24 .//MAD//punct//2
Sammanfattning;De//DT|UTR/NEU|PLU|DEF//det//31 avgörande//PC|PRS|UTR/NEU|SIN/PLU|IND/DEF|NOM//amod//31 skälen//NN|NEU|PLU|DEF|NOM//parataxis//2 för//PP//mark//34 att//IE//mark//34 införa//VB|INF|AKT//acl//31 registrering//NN|UTR|SIN|IND|NOM//obj//34 är//VB|PRS|AKT//cop//31 att//SN//mark//40 förfarandet//NN|NEU|SIN|DEF|NOM//nsubj//40 dels//KN//advmod//40 innebär//VB|PRS|AKT//csubj//31 en//DT|UTR|SIN|IND//det//42 möjlighet//NN|UTR|SIN|IND|NOM//obj//40 att//IE//mark//44 utöva//VB|INF|AKT//acl//42 individuell//JJ|POS|UTR|SIN|IND|NOM//amod//46 utlänningskontroll//NN|UTR|SIN|IND|NOM//obj//44 ,//MID//punct//50 dels//KN//advmod//50 kan//VB|PRS|AKT//aux//50 tillgodose//VB|INF|AKT//conj//40 intresset//NN|NEU|SIN|DEF|NOM//obj//50 av//PP//mark//56 att//IE//mark//56 statistiskt//AB|POS//advmod//56 kunna//VB|INF|AKT//aux//56 bevaka//VB|INF|AKT//acl//51 migrationen//NN|UTR|SIN|DEF|NOM//obj//56 till//PP//case//59 landet//NN|NEU|SIN|DEF|NOM//obl//56 och//KN//cc//62 dels//KN//advmod//62 underlättar//VB|PRS|AKT//conj//40 den//DT|UTR|SIN|DEF//det//65 gemenskapsrättsliga//JJ|POS|UTR/NEU|SIN|DEF|NOM//amod//65 skyldigheten//NN|UTR|SIN|DEF|NOM//obj//62 att//IE//mark//67 utfärda//VB|INF|AKT//acl//65 andra//JJ|POS|UTR/NEU|PLU|IND/DEF|NOM//amod//69 bevishandlingar//NN|UTR|PLU|IND|NOM//obj//67 ,//MID//punct//69 som//KN//nsubj//73 exempelvis//AB//advmod//73 uppehållskort//NN|NEU|SIN|IND|NOM//acl:relcl//69 (//PAD//punct//62 se//VB|IMP|AKT//parataxis//62 avsnittet//NN|NEU|SIN|DEF|NOM//obj//75 nedan//AB//advmod//75 )//PAD//punct//62 .//MAD//punct//2
Sammanfattning;Vidare//AB|KOM//advmod//87 kan//VB|PRS|AKT//aux//87 ett//DT|NEU|SIN|IND//det//86 effektivt//JJ|POS|NEU|SIN|IND|NOM//amod//86 och//KN//cc//85 rättssäkert//JJ|POS|NEU|SIN|IND|NOM//conj//83 registreringsförfarande//NN|NEU|SIN|IND|NOM//nsubj//87 säkerställa//VB|INF|AKT//parataxis//2 att//SN//mark//95 de//DT|UTR/NEU|PLU|DEF//det//90 personer//NN|UTR|PLU|IND|NOM//nsubj//95 som//HP|-|-|-//nsubj//92 har//VB|PRS|AKT//acl:relcl//90 uppehållsrätt//NN|UTR|SIN|IND|NOM//obj//92 kan//VB|PRS|AKT//aux//95 åtnjuta//VB|INF|AKT//ccomp//87 de//DT|UTR/NEU|PLU|DEF//det//97 rättigheter//NN|UTR|PLU|IND|NOM//obj//95 och//KN//cc//99 förmåner//NN|UTR|PLU|IND|NOM//conj//97 som//HP|-|-|-//nsubj//101 följer//VB|PRS|AKT//acl:relcl//99 av//PP//compound:prt//101 denna//DT|UTR|SIN|DEF//det//104 rätt//NN|UTR|SIN|IND|NOM//obj//101 .//MAD//punct//87
Sammanfattning;Den//DT|UTR|SIN|DEF//det//107 prövning//NN|UTR|SIN|IND|NOM//nmod//108 registreringsmyndigheten//NN|UTR|SIN|DEF|NOM//nsubj//109 utför//VB|PRS|AKT//parataxis//87 kan//VB|PRS|AKT//aux//111 förväntas//VB|INF|SFO//advcl//87 underlätta//VB|INF|AKT//xcomp//111 arbetet//NN|NEU|SIN|DEF|NOM//obj//112 för//PP//case//116 andra//JJ|POS|UTR/NEU|PLU|IND/DEF|NOM//amod//116 myndigheter//NN|UTR|PLU|IND|NOM//obl//112 som//HP|-|-|-//obj//121 personen//NN|UTR|SIN|DEF|NOM//nsubj//121 med//PP//case//120 uppehållsrätt//NN|UTR|SIN|IND|NOM//nmod//118 kommer//VB|PRS|AKT//acl:relcl//116 i//PP//compound:prt//121 kontakt//NN|UTR|SIN|IND|NOM//fixed//122 med//PP//case//121 .//MAD//punct//87
Sammanfattning;Registreringsförfarandet//NN|NEU|SIN|DEF|NOM//nsubj:pass//131 kan//VB|PRS|AKT//aux//131 enligt//PP//case//130 vår//PS|UTR|SIN|DEF//nmod:poss//130 uppfattning//NN|UTR|SIN|IND|NOM//obl//131 utformas//VB|INF|SFO//parataxis//87 så//AB//mark//136 att//SN//mark//136 det//PN|NEU|SIN|DEF|SUB/OBJ//expl//136 inte//AB//advmod//136 blir//VB|PRS|AKT//advcl//131 betungande//PC|PRS|UTR/NEU|SIN/PLU|IND/DEF|NOM//xcomp//136 för//PP//case//140 den//DT|UTR|SIN|DEF//det//140 enskilde//JJ|POS|MAS|SIN|DEF|NOM//obl//136 .//MAD//punct//87
Sammanfattning;Detta//PN|NEU|SIN|DEF|SUB/OBJ//nsubj//143 gör//VB|PRS|AKT//parataxis//87 att//SN//mark//149 övervägande//JJ|POS|UTR/NEU|SIN/PLU|IND/DEF|NOM//amod//146 skäl//NN|NEU|PLU|IND|NOM//nsubj//149 för//PP//case//148 närvarande//NN|NEU|SIN|IND|NOM//nmod//146 talar//VB|PRS|AKT//ccomp//143 för//PP//mark//155 att//SN//mark//155 aktuella//JJ|POS|UTR/NEU|PLU|IND/DEF|NOM//amod//153 personer//NN|UTR|PLU|IND|NOM//nsubj:pass//155 skall//VB|PRS|AKT//aux//155 registreras//VB|INF|SFO//advcl//149 i//PP//case//159 ett//DT|NEU|SIN|IND//det//159 särskilt//PC|PRF|NEU|SIN|IND|NOM//amod//159 register//NN|NEU|SIN|IND|NOM//obl//155 .//MAD//punct//143
Sammanfattning;Vi//PN|UTR|PLU|DEF|SUB//nsubj//164 vill//VB|PRS|AKT//aux//164 dock//AB//advmod//164 framhålla//VB|INF|AKT//parataxis//143 att//SN//mark//172 det//PN|NEU|SIN|DEF|SUB/OBJ//nsubj//172 i//PP//case//168 framtiden//NN|UTR|SIN|DEF|NOM//obl//172 mycket//AB|POS//advmod//170 väl//AB|POS//advmod//172 kan//VB|PRS|AKT//aux//172 visa//VB|INF|AKT//ccomp//164 sig//PN|UTR/NEU|SIN/PLU|DEF|OBJ//obj//172 att//SN//mark//176 utvecklingen//NN|UTR|SIN|DEF|NOM//nsubj//176 blivit//VB|SUP|AKT//ccomp//172 sådan//JJ|POS|UTR|SIN|IND|NOM//xcomp//176 att//SN//mark//183 den//DT|UTR|SIN|DEF//det//181 vanliga//JJ|POS|UTR/NEU|SIN|DEF|NOM//amod//181 folkbokföringen//NN|UTR|SIN|DEF|NOM//nsubj:pass//183 kan//VB|PRS|AKT//aux//183 anses//VB|INF|SFO//ccomp//177 tillräcklig//JJ|POS|UTR|SIN|IND|NOM//xcomp//183 i//PP//case//187 detta//DT|NEU|SIN|DEF//det//187 avseende//NN|NEU|SIN|IND|NOM//obl//183 .//MAD//punct//164
Sammanfattning;Vi//PN|UTR|PLU|DEF|SUB//nsubj//1 föreslår//VB|PRS|AKT//ROOT//1 således//AB//advmod//1 att//SN//mark//16 medborgare//NN|UTR|PLU|IND|NOM//nsubj//16 i//PP//case//7 en//DT|UTR|SIN|IND//det//7 EES-stat//NN|UTR|SIN|IND|NOM//nmod//4 eller//KN//cc//10 i//PP//case//10 Schweiz//PM|NOM//conj//7 som//HP|-|-|-//nsubj//12 har//VB|PRS|AKT//acl:relcl//10 uppehållsrätt//NN|UTR|SIN|IND|NOM//obj//12 i//PP//case//15 Sverige//PM|NOM//obl//12 åläggs//VB|PRS|SFO//ccomp//1 en//DT|UTR|SIN|IND//det//18 skyldighet//NN|UTR|SIN|IND|NOM//obj//16 att//IE//mark//20 registrera//VB|INF|AKT//acl//18 sig//PN|UTR/NEU|SIN/PLU|DEF|OBJ//obj//20 senast//AB|SUV//case//24 tre//RG|NOM//nummod//24 månader//NN|UTR|PLU|IND|NOM//obl//20 efter//PP//case//26 det//PN|NEU|SIN|DEF|SUB/OBJ//obl//20 att//SN//mark//31 han//PN|UTR|SIN|DEF|SUB//nsubj//31 eller//KN//cc//30 hon//PN|UTR|SIN|DEF|SUB//conj//28 ankommit//VB|SUP|AKT//ccomp//20 till//PP//case//33 Sverige//PM|NOM//obl//31 .//MAD//punct//1
Sammanfattning;En//DT|UTR|SIN|IND//det//36 bestämmelse//NN|UTR|SIN|IND|NOM//nsubj:pass//40 med//PP//case//39 detta//DT|NEU|SIN|DEF//det//39 innehåll//NN|NEU|SIN|IND|NOM//nmod//36 införs//VB|PRS|SFO//parataxis//1 i//PP//case//44 5//RG|NOM//nummod//43 kap.//NN|AN//nmod//44 utlänningslagen//NN|UTR|SIN|DEF|NOM//obl//40 .//MAD//punct//1
Sammanfattning;Härav//AB//nsubj//47 följer//VB|PRS|AKT//parataxis//1 att//SN//mark//53 utlänningen//NN|UTR|SIN|DEF|NOM//nsubj//53 vid//PP//case//51 registreringen//NN|UTR|SIN|DEF|NOM//nmod//49 skall//VB|PRS|AKT//aux//53 lämna//VB|INF|AKT//ccomp//47 uppgift//NN|UTR|SIN|IND|NOM//obj//53 om//PP//case//56 namn//NN|NEU|SIN|IND|NOM//nmod//54 ,//MID//punct//58 bostads-//NN|UTR|-|-|SMS//conj//56 eller//KN//cc//60 postadress//NN|UTR|SIN|IND|NOM//conj//56 i//PP//case//62 Sverige//PM|NOM//obl//53 ,//MID//punct//64 födelsetid//NN|UTR|SIN|IND|NOM//conj//62 ,//MID//punct//66 medborgarskap//NN|NEU|SIN|IND|NOM//conj//62 ,//MID//punct//68 civilstånd//NN|NEU|SIN|IND|NOM//conj//62 ,//MID//punct//70 inflyttning//NN|UTR|SIN|IND|NOM//conj//62 i//PP//case//72 landet//NN|NEU|SIN|DEF|NOM//nmod//70 ,//MID//punct//53 avsikten//NN|UTR|SIN|DEF|NOM//appos//53 med//PP//case//76 vistelsen//NN|UTR|SIN|DEF|NOM//nmod//74 här//AB//advmod//53 och//KN//cc//81 dess//PS|UTR/NEU|SIN/PLU|DEF//nmod:poss//81 beräknade//PC|PRF|UTR/NEU|SIN|DEF|NOM//amod//81 varaktighet//NN|UTR|SIN|IND|NOM//conj//77 samt//KN//cc//83 uppgifter//NN|UTR|PLU|IND|NOM//conj//81 om//PP//case//86 medföljande//PC|PRS|UTR/NEU|SIN/PLU|IND/DEF|NOM//amod//86 familjemedlemmar//NN|UTR|PLU|IND|NOM//nmod//83 som//HP|-|-|-//nsubj//88 har//VB|PRS|AKT//acl:relcl//86 uppehållsrätt//NN|UTR|SIN|IND|NOM//obj//88 i//PP//case//91 Sverige//PM|NOM//obl//88 .//MAD//punct//53
Sammanfattning;Vid//PP//case//94 registreringen//NN|UTR|SIN|DEF|NOM//obl//100 skall//VB|PRS|AKT//aux//100 pass//NN|NEU|SIN|IND|NOM//advmod//99 eller//KN//cc//98 giltigt//JJ|POS|NEU|SIN|IND|NOM//conj//96 identitetskort//NN|NEU|SIN|IND|NOM//nsubj:pass//100 uppvisas//VB|PRS|SFO//conj//53 .//MAD//punct//100
Sammanfattning;Vilka//HD|UTR/NEU|PLU|IND//det//103 handlingar//NN|UTR|PLU|IND|NOM//nsubj//108 som//HP|-|-|-//nsubj:pass//106 därutöver//AB//advmod//106 erfordras//VB|PRS|SFO//acl:relcl//103 är//VB|PRS|AKT//cop//108 beroende//PC|PRS|UTR/NEU|SIN/PLU|IND/DEF|NOM//mark//113 av//PP//fixed//108 vilken//HD|UTR|SIN|IND//det//111 kategori//NN|UTR|SIN|IND|NOM//nmod:poss//112 personen//NN|UTR|SIN|DEF|NOM//nsubj//113 tillhör//VB|PRS|AKT//advcl//100 .//MAD//punct//47
Sammanfattning;T.ex.//AB|AN//advmod//119 skall//VB|PRS|AKT//aux//119 en//DT|UTR|SIN|IND//det//118 arbetstagare//NN|UTR|SIN|IND|NOM//nsubj//119 uppvisa//VB|INF|AKT//conj//47 bekräftelse//NN|UTR|SIN|IND|NOM//obj//119 från//PP//case//122 arbetsgivaren//NN|UTR|SIN|DEF|NOM//obl//119 om//PP//case//124 anställning//NN|UTR|SIN|IND|NOM//nmod//122 eller//KN//cc//127 ett//DT|NEU|SIN|IND//det//127 anställningsintyg//NN|NEU|SIN|IND|NOM//conj//124 .//MAD//punct//119
Sammanfattning;En//DT|UTR|SIN|IND//det//131 utlännings//NN|UTR|SIN|IND|GEN//amod//131 underlåtenhet//NN|UTR|SIN|IND|NOM//nsubj//138 att//IE//mark//133 uppfylla//VB|INF|AKT//acl//131 sin//PS|UTR|SIN|DEF//nmod:poss//135 registreringsskyldighet//NN|UTR|SIN|IND|NOM//obj//133 bör//VB|PRS|AKT//aux//138 kunna//VB|INF|AKT//aux//138 föranleda//VB|INF|AKT//parataxis//119 att//SN//mark//141 vite//NN|NEU|SIN|IND|NOM//nsubj:pass//141 döms//VB|PRS|SFO//advcl//138 ut//PL//compound:prt//141 .//MAD//punct//1
Sammanfattning;I//PP//case//3 samband//NN|NEU|SIN|IND|NOM//fixed//0 med//PP//case//3 registreringen//NN|UTR|SIN|DEF|NOM//obl//4 utfärdas//VB|PRS|SFO//ROOT//4 ett//DT|NEU|SIN|IND//det//6 bevis//NN|NEU|SIN|IND|NOM//nsubj:pass//4 .//MAD//punct//4
Sammanfattning;När//HA//mark//21 en//DT|UTR|SIN|IND//det//10 medborgare//NN|UTR|SIN|IND|NOM//nsubj//21 i//PP//case//13 ett//DT|NEU|SIN|IND//det//13 land//NN|NEU|SIN|IND|NOM//nmod//10 som//HP|-|-|-//nsubj//15 ingår//VB|PRS|AKT//acl:relcl//13 i//PP//case//17 EES//PM|NOM//obl//15 eller//KN//cc//20 i//PP//case//20 Schweiz//PM|NOM//conj//17 fått//VB|SUP|AKT//advcl//28 permanent//JJ|POS|UTR|SIN|IND|NOM//amod//23 uppehållsrätt//NN|UTR|SIN|IND|NOM//obj//21 skall//VB|PRS|AKT//aux//28 registreringsmyndigheten//NN|UTR|SIN|DEF|NOM//nsubj//28 efter//PP//case//27 ansökan//NN|UTR|SIN|IND|NOM//obl//28 utfärda//VB|INF|AKT//parataxis//4 ett//DT|NEU|SIN|IND//det//30 intyg//NN|NEU|SIN|IND|NOM//obj//28 om//PP//case//33 permanent//JJ|POS|UTR|SIN|IND|NOM//amod//33 uppehållsrätt//NN|UTR|SIN|IND|NOM//nmod//30 .//MAD//punct//4
Sammanfattning;En//DT|UTR|SIN|IND//det//36 bestämmelse//NN|UTR|SIN|IND|NOM//nsubj:pass//37 införs//VB|PRS|SFO//parataxis//4 i//PP//case//39 utlänningsförordningen//NN|UTR|SIN|DEF|NOM//obl//37 om//PP//case//42 registreringsmyndighetens//NN|NEU|PLU|DEF|GEN//nmod:poss//42 skyldighet//NN|UTR|SIN|IND|NOM//obl//37 att//IE//mark//44 utfärda//VB|INF|AKT//acl//42 sådana//JJ|POS|UTR/NEU|PLU|IND|NOM//amod//46 handlingar//NN|UTR|PLU|IND|NOM//obj//44 .//MAD//punct//4
Sammanfattning;Registreringsmyndighet//NN|UTR|SIN|IND|NOM//ROOT//0
Sammanfattning;Vi//PN|UTR|PLU|DEF|SUB//nsubj//2 har//VB|PRS|AKT//aux//2 funnit//VB|SUP|AKT//ROOT//2 att//SN//mark//7 Migrationsverket//NN|NEU|SIN|DEF|NOM//nsubj//7 är//VB|PRS|AKT//cop//7 den//DT|UTR|SIN|DEF//det//7 myndighet//NN|UTR|SIN|IND|NOM//ccomp//2 som//HP|-|-|-//nsubj//11 är//VB|PRS|AKT//cop//11 bäst//AB|SUV//advmod//11 lämpad//PC|PRF|UTR|SIN|IND|NOM//acl:relcl//7 att//IE//mark//13 ansvara//VB|INF|AKT//advcl//11 för//PP//case//15 förfarandet//NN|NEU|SIN|DEF|NOM//obl//13 .//MAD//punct//2
Sammanfattning;Migrationsverket//NN|NEU|SIN|DEF|NOM//nsubj//20 är//VB|PRS|AKT//cop//20 central//JJ|POS|UTR|SIN|IND|NOM//amod//20 utlänningsmyndighet//NN|UTR|SIN|IND|NOM//parataxis//2 och//KN//cc//22 har//VB|PRS|AKT//conj//20 redan//AB//advmod//24 idag//AB//advmod//26 en//DT|UTR|SIN|IND//det//26 organisation//NN|UTR|SIN|IND|NOM//obj//22 som//HP|-|-|-//nsubj//28 utför//VB|PRS|AKT//acl:relcl//26 i//PP//case//30 princip//NN|UTR|SIN|IND|NOM//obl//28 samma//DT|UTR/NEU|SIN/PLU|IND//det//32 handläggning//NN|UTR|SIN|IND|NOM//obj//28 samt//KN//cc//34 innehar//VB|PRS|AKT//conj//28 för//PP//case//36 förfarandet//NN|NEU|SIN|DEF|NOM//obl//34 nödvändig//JJ|POS|UTR|SIN|IND|NOM//amod//38 kompetens//NN|UTR|SIN|IND|NOM//obj//34 .//MAD//punct//20
Sammanfattning;Skälen//NN|NEU|PLU|DEF|NOM//conj//20 för//PP//mark//43 att//IE//mark//43 införa//VB|INF|AKT//acl//40 registreringsförfarandet//NN|NEU|SIN|DEF|NOM//obj//43 blir//VB|PRS|AKT//conj//20 tillgodosedda//PC|PRF|UTR/NEU|PLU|IND/DEF|NOM//xcomp//45 om//SN//mark//49 Migrationsverket//NN|NEU|SIN|DEF|NOM//nsubj:pass//49 väljs//VB|PRS|SFO//advcl//45 som//KN//mark//52 ansvarig//JJ|POS|UTR|SIN|IND|NOM//amod//52 myndighet//NN|UTR|SIN|IND|NOM//xcomp//49 .//MAD//punct//20
Sammanfattning;Vi//PN|UTR|PLU|DEF|SUB//nsubj//55 föreslår//VB|PRS|AKT//parataxis//20 i//PP//mark//62 andra//RO|NOM//fixed//56 hand//NN|UTR|SIN|IND|NOM//fixed//56 att//SN//mark//62 Skatteverket//PM|NOM//nsubj//62 skall//VB|PRS|AKT//aux//62 ansvara//VB|INF|AKT//advcl//55 för//PP//case//64 förfarandet//NN|NEU|SIN|DEF|NOM//obl//62 .//MID//punct//20
Sammanfattning;Det//PN|NEU|SIN|DEF|SUB/OBJ//nsubj//71 bör//VB|PRS|AKT//aux//71 i//PP//case//70 så//AB//amod//70 fall//NN|NEU|SIN|IND|NOM//obl//71 ske//VB|INF|AKT//conj//2 genom//PP//mark//83 att//IE//mark//83 ,//MID//punct//80 inom//PP//case//80 ramen//NN|UTR|SIN|DEF|NOM//fixed//75 för//PP//fixed//75 den//DT|UTR|SIN|DEF//det//80 befintliga//JJ|POS|UTR/NEU|SIN|DEF|NOM//amod//80 folkbokföringsdatabasen//NN|UTR|SIN|DEF|NOM//nsubj:pass//83 ,//MID//punct//80 samordningsnummer//NN|UTR|PLU|IND|NOM//nsubj:pass//83 delas//VB|PRS|SFO//advcl//71 ut//PL//compound:prt//83 till//PP//case//86 alla//PN|UTR/NEU|PLU|IND|SUB/OBJ//obl//83 som//HP|-|-|-//nsubj:pass//89 skall//VB|PRS|AKT//aux//89 registreras//VB|INF|SFO//acl:relcl//86 och//KN//cc//94 som//HP|-|-|-//nsubj:pass//94 inte//AB//advmod//94 skall//VB|PRS|AKT//aux//94 folkbokföras//VB|INF|SFO//conj//89 .//MAD//punct//2
Sammanfattning;Uppehållskort//NN|UTR|SIN|IND|NOM//ROOT//0
Sammanfattning;Kravet//NN|NEU|SIN|DEF|NOM//nsubj//3 på//PP//case//2 registrering//NN|UTR|SIN|IND|NOM//nmod//0 gäller//VB|PRS|AKT//ROOT//3 ,//MID//punct//3 såsom//HA//mark//7 tidigare//AB|KOM//advmod//7 angetts//VB|SUP|SFO//advcl//3 ,//MID//punct//7 endast//AB//advmod//11 de//DT|UTR/NEU|PLU|DEF//det//11 medborgare//NN|UTR|PLU|IND|NOM//obj//3 i//PP//case//14 en//DT|UTR|SIN|IND//det//14 EES-stat//NN|UTR|SIN|IND|NOM//nmod//11 eller//KN//cc//17 i//PP//case//17 Schweiz//PM|NOM//conj//14 som//HP|-|-|-//nsubj//19 har//VB|PRS|AKT//acl:relcl//17 uppehållsrätt//NN|UTR|SIN|IND|NOM//obj//19 i//PP//case//22 Sverige//PM|NOM//obl//19 .//MAD//punct//3
Sammanfattning;Kravet//NN|NEU|SIN|DEF|NOM//nsubj//25 omfattar//VB|PRS|AKT//parataxis//3 således//AB//advmod//25 inte//AB//advmod//28 familjemedlemmar//NN|UTR|PLU|IND|NOM//xcomp//25 från//PP//case//31 tredje//RO|NOM//amod//31 land//NN|NEU|SIN|IND|NOM//obl//28 .//MAD//punct//25
Sammanfattning;För//PP//cc//37 denna//DT|UTR|SIN|DEF//det//35 kategori//NN|UTR|SIN|IND|NOM//nmod//36 personer//NN|UTR|PLU|IND|NOM//nsubj//37 föreskriver//VB|PRS|AKT//conj//25 emellertid//AB//advmod//37 direktivet//NN|NEU|SIN|DEF|NOM//nsubj//37 en//DT|UTR|SIN|IND//det//41 skyldighet//NN|UTR|SIN|IND|NOM//obj//37 för//PP//case//43 medlemsstaterna//NN|UTR|PLU|DEF|NOM//nmod//41 att//IE//mark//45 utfärda//VB|INF|AKT//acl//41 uppehållskort//NN|NEU|PLU|IND|NOM//obj//45 ,//MID//punct//37 om//SN//mark//52 det//DT|NEU|SIN|DEF//det//51 planerade//PC|PRF|UTR/NEU|SIN|DEF|NOM//amod//51 uppehållet//NN|NEU|SIN|DEF|NOM//nsubj//52 överstiger//VB|PRS|AKT//advcl//25 tre//RG|NOM//nummod//54 månader//NN|UTR|PLU|IND|NOM//obj//52 .//MAD//punct//25
Sammanfattning;Direktivet//NN|NEU|SIN|DEF|NOM//nsubj//57 ger//VB|PRS|AKT//conj//3 möjlighet//NN|UTR|SIN|IND|NOM//obj//57 att//IE//mark//60 ålägga//VB|INF|AKT//acl//58 de//DT|UTR/NEU|PLU|DEF//det//63 berörda//PC|PRF|UTR/NEU|PLU|IND/DEF|NOM//amod//63 personerna//NN|UTR|PLU|DEF|NOM//obj//60 en//DT|UTR|SIN|IND//det//65 skyldighet//NN|UTR|SIN|IND|NOM//obj//60 att//IE//mark//67 anmäla//VB|INF|AKT//acl//65 sig//PN|UTR/NEU|SIN/PLU|DEF|OBJ//obj//67 för//PP//mark//71 att//IE//mark//71 få//VB|INF|AKT//advcl//67 uppehållskort//NN|NEU|SIN|IND|NOM//obj//71 utfärdat//PC|PRF|NEU|SIN|IND|NOM//xcomp//71 .//MAD//punct//57
Sammanfattning;Vi//PN|UTR|PLU|DEF|SUB//nsubj//76 föreslår//VB|PRS|AKT//parataxis//57 att//SN//mark//81 en//DT|UTR|SIN|IND//det//80 sådan//JJ|POS|UTR|SIN|IND|NOM//amod//80 skyldighet//NN|UTR|SIN|IND|NOM//nsubj:pass//81 införs//VB|PRS|SFO//ccomp//76 genom//PP//case//83 bestämmelser//NN|UTR|PLU|IND|NOM//obl//81 i//PP//case//87 5//RG|NOM//nummod//86 kap.//NN|AN//nmod//87 utlänningslagen//NN|UTR|SIN|DEF|NOM//nmod//83 .//MAD//punct//76
Sammanfattning;Av//PP//case//90 bestämmelsen//NN|UTR|SIN|DEF|NOM//obl//91 framgår//VB|PRS|AKT//conj//3 även//AB//advmod//91 att//SN//mark//96 anmälan//NN|UTR|SIN|DEF|NOM//nsubj//96 skall//VB|PRS|AKT//aux//96 innehålla//VB|INF|AKT//advcl//91 uppgift//NN|UTR|SIN|IND|NOM//obj//96 om//PP//case//99 namn//NN|NEU|SIN|IND|NOM//nmod//97 ,//MID//punct//101 bostads-//NN|UTR|-|-|SMS//conj//99 eller//KN//cc//103 postadress//NN|UTR|SIN|IND|NOM//conj//99 i//PP//case//105 Sverige//PM|NOM//obl//96 ,//MID//punct//107 födelsetid//NN|UTR|SIN|IND|NOM//conj//105 ,//MID//punct//109 medborgarskap//NN|NEU|SIN|IND|NOM//conj//105 ,//MID//punct//111 civilstånd//NN|NEU|SIN|IND|NOM//conj//105 ,//MID//punct//113 inflyttning//NN|UTR|SIN|IND|NOM//conj//105 i//PP//case//115 landet//NN|NEU|SIN|DEF|NOM//nmod//113 ,//MID//punct//91 avsikten//NN|UTR|SIN|DEF|NOM//obl//3 med//PP//case//119 vistelsen//NN|UTR|SIN|DEF|NOM//nmod//117 här//AB//advmod//3 och//KN//cc//124 dess//PS|UTR/NEU|SIN/PLU|DEF//nmod:poss//124 beräknade//PC|PRF|UTR/NEU|SIN|DEF|NOM//amod//124 varaktighet//NN|UTR|SIN|IND|NOM//conj//3 samt//KN//cc//126 uppgifter//NN|UTR|PLU|IND|NOM//conj//124 om//PP//case//129 den//DT|UTR|SIN|DEF//det//129 person//NN|UTR|SIN|IND|NOM//nmod//126 från//PP//case//132 vilken//HP|UTR|SIN|IND//det//132 sökanden//NN|UTR|SIN|DEF|NOM//nmod//129 härleder//VB|PRS|AKT//conj//3 sin//PS|UTR|SIN|DEF//nmod:poss//135 uppehållsrätt//NN|UTR|SIN|IND|NOM//obj//133 .//MAD//punct//3
Sammanfattning;Enligt//PP//case//139 vårt//PS|NEU|SIN|DEF//nmod:poss//139 förslag//NN|NEU|SIN|IND|NOM//obl//142 skall//VB|PRS|AKT//aux//142 Migrationsverket//NN|NEU|SIN|DEF|NOM//nsubj//142 ansvara//VB|INF|AKT//parataxis//3 för//PP//case//144 utfärdandet//NN|NEU|SIN|DEF|NOM//obl//142 av//PP//case//146 uppehållskort//NN|NEU|SIN|IND|NOM//nmod//144 ,//MID//punct//142 vilket//HP|NEU|SIN|IND//nsubj:pass//150 bör//VB|PRS|AKT//aux//150 framgå//VB|INF|AKT//advcl//3 av//PP//case//154 en//DT|UTR|SIN|IND//det//154 ny//JJ|POS|UTR|SIN|IND|NOM//amod//154 bestämmelse//NN|UTR|SIN|IND|NOM//obl//150 i//PP//case//158 3//RG|NOM//nummod//157 kap.//NN|AN//nmod//158 utlänningsförordningen//NN|UTR|SIN|DEF|NOM//nmod//154 .//MID//punct//3
Sammanfattning;När//HA//mark//166 en//DT|UTR|SIN|IND//det//162 familjemedlem//NN|UTR|SIN|IND|NOM//nsubj//166 från//PP//case//165 tredje//RO|NOM//amod//165 land//NN|NEU|SIN|IND|NOM//nmod//162 fått//VB|SUP|AKT//advcl//175 permanent//JJ|POS|UTR|SIN|IND|NOM//amod//168 uppehållsrätt//NN|UTR|SIN|IND|NOM//obj//166 i//PP//case//170 Sverige//PM|NOM//obl//166 skall//VB|PRS|AKT//aux//175 Migrationsverket//NN|NEU|SIN|DEF|NOM//nsubj//175 efter//PP//case//174 ansökan//NN|UTR|SIN|IND|NOM//obl//175 utfärda//VB|INF|AKT//conj//3 ett//DT|NEU|SIN|IND//det//178 permanent//JJ|POS|NEU|SIN|IND|NOM//amod//178 uppehållskort//NN|NEU|SIN|IND|NOM//obj//175 .//MAD//punct//3
Sammanfattning;Följdändringar//NN|UTR|PLU|IND|NOM//ROOT//0 och//KN//cc//2 genomförande//NN|NEU|SIN|IND|NOM//conj//0
Sammanfattning;Som//KN//case//1 konsekvens//NN|UTR|SIN|IND|NOM//obl//15 av//PP//mark//9 att//SN//mark//9 bestämmelserna//NN|UTR|PLU|DEF|NOM//nsubj:pass//9 om//PP//case//6 EES-tillstånd//NN|NEU|SIN|IND|NOM//nmod//4 kommer//VB|PRS|AKT//aux//9 att//IE//mark//9 ersättas//VB|INF|SFO//acl//1 med//PP//case//11 bestämmelser//NN|UTR|PLU|IND|NOM//obl//9 om//PP//case//13 uppehållsrätt//NN|UTR|SIN|IND|NOM//nmod//11 ,//MID//punct//15 finns//VB|PRS|SFO//ROOT//15 det//PN|NEU|SIN|DEF|SUB/OBJ//expl//15 anledning//NN|UTR|SIN|IND|NOM//nsubj//15 att//IE//mark//19 upphäva//VB|INF|AKT//acl//17 vissa//JJ|POS|UTR/NEU|PLU|IND/DEF|NOM//amod//22 andra//JJ|POS|UTR/NEU|PLU|IND/DEF|NOM//amod//22 bestämmelser//NN|UTR|PLU|IND|NOM//obj//19 som//HP|-|-|-//nsubj//27 på//PP//case//26 olika//JJ|POS|UTR/NEU|PLU|IND/DEF|NOM//amod//26 sätt//NN|NEU|PLU|IND|NOM//obl//27 avser//VB|PRS|AKT//acl:relcl//22 EEStillstånden//NN|UTR|SIN|DEF|NOM//obj//27 .//MAD//punct//15
Sammanfattning;Detta//PN|NEU|SIN|DEF|SUB/OBJ//nsubj//31 gäller//VB|PRS|AKT//parataxis//15 vissa//JJ|POS|UTR/NEU|PLU|IND/DEF|NOM//amod//33 regler//NN|UTR|PLU|IND|NOM//obj//31 i//PP//case//37 3//RG|NOM//nummod//36 kap.//NN|AN//nmod//37 utlänningsförordningen//NN|UTR|SIN|DEF|NOM//obl//31 ,//MID//punct//56 men//KN//cc//56 även//AB//advmod//41 del//NN|UTR|SIN|IND|NOM//discourse//56 av//PP//case//44 det//DT|NEU|SIN|DEF//det//44 bemyndigande//NN|NEU|SIN|IND|NOM//nmod//41 som//HP|-|-|-//obj//47 regeringen//NN|UTR|SIN|DEF|NOM//nsubj:pass//47 getts//VB|SUP|SFO//acl:cleft//41 i//PP//case//50 2//RG|NOM//nummod//50 kap.//NN|AN//nmod//53 14//RG|NOM//nummod//52 §//NN|AN//nmod//53 utlänningslagen//NN|UTR|SIN|DEF|NOM//obl//47 .//MAD//punct//41
Sammanfattning;Det//DT|NEU|SIN|DEF//expl//56 förhållandet//NN|NEU|SIN|DEF|NOM//conj//15 att//SN//mark//59 EES-tillstånden//NN|UTR|SIN|DEF|NOM//nsubj:pass//59 utmönstras//VB|PRS|SFO//acl//56 bör//VB|PRS|AKT//aux//62 även//AB//advmod//62 föranleda//VB|INF|AKT//conj//59 en//DT|UTR|SIN|IND//det//64 ändring//NN|UTR|SIN|IND|NOM//obj//62 i//PP//case//66 lagen//NN|UTR|SIN|DEF|NOM//nmod//64 om//PP//case//69 svenskt//JJ|POS|NEU|SIN|IND|NOM//amod//69 medborgarskap//NN|NEU|SIN|IND|NOM//nmod//64 .//MAD//punct//15
Sammanfattning;Ändringen//NN|UTR|SIN|DEF|NOM//nsubj//72 innebär//VB|PRS|AKT//parataxis//15 att//SN//mark//78 permanent//JJ|POS|UTR|SIN|IND|NOM//amod//75 uppehållsrätt//NN|UTR|SIN|IND|NOM//nsubj:pass//78 i//PP//advmod//78 medborgarskapshänseende//PC|PRS|UTR/NEU|SIN/PLU|IND/DEF|NOM//fixed//76 likställs//VB|PRS|SFO//ccomp//72 med//PP//case//81 permanent//JJ|POS|NEU|SIN|IND|NOM//amod//81 uppehållstillstånd//NN|NEU|SIN|IND|NOM//obl//78 .//MAD//punct//15
Sammanfattning;Vårt//PS|NEU|SIN|DEF//nmod:poss//1 förslag//NN|NEU|SIN|IND|NOM//nsubj//7 bör//VB|PRS|AKT//aux//7 i//PP//case//5 allt//DT|NEU|SIN|IND/DEF//fixed//3 väsentligt//JJ|POS|NEU|SIN|IND|NOM//obl//7 inte//AB//advmod//7 ha//VB|INF|AKT//ROOT//7 några//DT|UTR/NEU|PLU|IND//det//11 negativa//JJ|POS|UTR/NEU|PLU|IND/DEF|NOM//amod//11 ekonomiska//JJ|POS|UTR/NEU|PLU|IND/DEF|NOM//amod//11 konsekvenser//NN|UTR|PLU|IND|NOM//obj//7 .//MAD//punct//7
Sammanfattning;Förslagen//NN|NEU|PLU|DEF|NOM//nsubj:pass//21 skall//VB|PRS|AKT//aux//21 ,//MID//punct//21 i//PP//mark//21 enlighet//NN|UTR|SIN|IND|NOM//fixed//16 med//PP//fixed//16 vad//HP|NEU|SIN|IND//dislocated//21 som//HP|-|-|-//nsubj:pass//21 föreskrivs//VB|PRS|SFO//parataxis//7 i//PP//case//23 direktivet//NN|NEU|SIN|DEF|NOM//obl//21 ,//MID//punct//25 träda//VB|INF|AKT//conj//21 i//PP//compound:prt//25 kraft//NN|UTR|SIN|IND|NOM//obj//25 senast//AB|SUV//case//31 den//DT|UTR|SIN|DEF//det//31 30//RG|NOM//nummod//31 april//NN|UTR|SIN|IND|NOM//obl//25 2006//RG|NOM//nummod//31 .//MAD//punct//21

